id,quality,time,targetX,targetY,outputEvalX,outputEvalY,outputApplyX,outputApplyY,outputEvalNopolX,outputEvalNopolY,headX,headY,headZ,headi,headj,headk,headw,ETx,ETy,ETrmin,ETrmax,ETphi
0,0,66388,3.64729,-15.0139,3.14922,-13.7984,3.25264,-13.6808,1.32462,-5.34243,18.9485,27.8281,69.7297,-0.000499289,0.998553,0.053265,0.00743082,312.999,294.473,27.7174,38.6941,-0.0749786
1,0,66388,3.64729,-15.0139,3.15859,-13.8091,3.26221,-13.6912,1.33475,-5.35327,18.9485,27.8281,69.7297,-0.000499289,0.998553,0.053265,0.00743082,312.985,294.482,27.7094,38.6431,-0.0764916
2,0,66388,3.64729,-15.0139,2.72976,3.66558,2.45709,3.24073,0.58824,12.3291,18.9485,27.8281,69.7297,-0.000499289,0.998553,0.053265,0.00743082,314.325,277.427,21.0752,37.1677,-0.0502288
3,0,66502,0.138155,4.71564,2.72976,3.66558,2.45709,3.24073,0.58824,12.3291,18.8575,27.5876,66.7601,0.000381722,0.998941,-0.0448253,-0.0103766,314.325,277.427,21.0752,37.1677,-0.0502288
4,5,66563,0.209656,4.77573,-0.909431,2.98544,-1.11014,2.43367,-3.26766,11.626,18.911,27.5491,66.8559,0.000381722,0.998941,-0.0448253,-0.0103766,319.918,277.939,21.4723,37.4401,0.00921829
5,5,66620,-1.41487,2.41506,-2.62358,2.66608,-2.79852,2.05637,-5.0839,11.2959,18.8692,27.5609,66.9308,-0.000231945,0.99929,-0.0329627,-0.0182689,322.568,278.235,21.7096,37.3822,0.033118
6,5,66620,-3.87779,1.31412,-2.62358,2.66608,-2.79852,2.05637,-5.0839,11.2959,18.7497,27.6231,66.9117,-0.000741284,0.999165,-0.0278616,-0.0298847,322.568,278.235,21.7096,37.3822,0.033118
7,5,66687,-3.74174,1.33359,-5.74563,0.887792,-5.8701,0.239938,-8.37198,9.48357,18.8318,27.6055,66.719,-0.000741284,0.999165,-0.0278616,-0.0298847,327.398,279.926,22.1828,37.7396,0.0736626
8,8,66688,-5.47754,-1.04388,-5.74563,0.887792,-5.8701,0.239938,-8.37198,9.48357,18.7191,27.6297,66.9836,-0.00135477,0.999158,-0.0159888,-0.0377687,327.398,279.926,22.1828,37.7396,0.0736626
9,5,66771,-6.68402,-1.39234,-8.62319,-1.74067,-8.71044,-2.36801,-11.3861,6.81192,18.7181,27.6304,66.9837,-0.00155988,0.998934,-0.0142484,-0.0438715,331.884,282.522,23.048,37.6807,0.106302
10,8,66772,-8.02117,-1.83281,-8.62319,-1.74067,-8.71044,-2.36801,-11.3861,6.81192,18.6295,27.6924,66.9883,-0.00176492,0.998671,-0.0125074,-0.0499726,331.884,282.522,23.048,37.6807,0.106302
11,5,66837,-9.27991,-4.13849,-10.4611,-4.16173,-10.53,-4.73952,-13.2989,4.35438,18.6023,27.7417,66.9672,-0.00177581,0.99842,-0.00126399,-0.0561431,334.756,284.998,23.6982,37.8447,0.137695
12,5,66892,-11.2279,-6.84621,-11.6594,-6.24512,-11.7184,-6.7697,-14.5376,2.24116,18.5609,27.8109,66.896,-0.00330425,0.997762,0.0116774,-0.0657521,336.628,287.177,24.4159,37.9624,0.16636
13,5,66892,-12.5721,-9.32559,-11.6594,-6.24512,-11.7184,-6.7697,-14.5376,2.24116,18.4777,27.956,66.7926,-0.00331404,0.997143,0.0229191,-0.0718998,336.628,287.177,24.4159,37.9624,0.16636
14,5,66937,-12.5169,-9.21988,-12.5539,-7.9145,-12.6085,-8.39702,-15.4604,0.548137,18.5189,27.8877,66.8678,-0.00331404,0.997143,0.0229191,-0.0718998,338.042,288.971,25.0335,38.0649,0.175434
15,0,66987,-11.8772,-10.4277,-13.2788,-10.3665,-13.3237,-10.7753,-16.1899,-1.93622,18.5159,27.9536,66.9097,-0.00299238,0.997229,0.0285235,-0.0686455,339.199,291.586,25.9277,37.9593,0.184836
16,0,66987,-13.8391,-13.272,-13.2788,-10.3665,-13.3237,-10.7753,-16.1899,-1.93622,18.4731,28.0781,66.8731,-0.00451911,0.996064,0.0414553,-0.07822,339.199,291.586,25.9277,37.9593,0.184836
17,5,67037,-13.8454,-13.2056,-13.5707,-12.4891,-13.6039,-12.8325,-16.4648,-4.08541,18.4663,28.0327,66.8167,-0.00451911,0.996064,0.0414553,-0.07822,339.638,293.893,26.9252,38.3946,0.211185
18,5,67087,-13.8516,-13.1392,-13.6801,-14.9714,-13.6959,-15.2433,-16.5397,-6.59792,18.4595,27.9873,66.7603,-0.00451911,0.996064,0.0414553,-0.07822,339.811,296.621,27.8012,38.634,0.216283
19,8,67088,-13.1888,-14.4077,-13.6801,-14.9714,-13.6959,-15.2433,-16.5397,-6.59792,18.475,28.0908,66.8889,-0.00419721,0.996067,0.0470563,-0.0749603,339.811,296.621,27.8012,38.634,0.216283
20,5,67154,-13.0998,-17.6069,-13.5868,-17.9086,-13.577,-18.1073,-16.3916,-9.56987,18.4784,28.144,66.9218,-0.00415203,0.995261,0.0623821,-0.0744742,339.671,299.912,28.4264,38.7164,0.202827
21,0,67219,-12.4141,-20.633,-12.6185,-20.8489,-12.5604,-20.9789,-15.3137,-12.5415,18.5132,28.2298,66.8187,-0.00396942,0.994508,0.0765144,-0.0713026,338.088,303.17,29.5063,38.6286,0.21387
22,0,67219,-12.2653,-24.0613,-12.6185,-20.8489,-12.5604,-20.9789,-15.3137,-12.5415,18.5512,28.3855,66.7654,-0.00392242,0.99325,0.0918087,-0.0707837,338.088,303.17,29.5063,38.6286,0.21387
23,5,67271,-12.3315,-23.92,-12.1302,-22.8569,-12.0413,-22.9564,-14.7615,-14.5716,18.5144,28.297,66.8763,-0.00392242,0.99325,0.0918087,-0.0707837,337.264,305.502,30.3407,38.9325,0.221234
24,0,67322,-10.9312,-24.6658,-10.8332,-24.9459,-10.69,-25.0154,-13.3484,-16.6803,18.5496,28.3451,66.8818,-0.00377126,0.993385,0.0951864,-0.0641241,335.182,307.909,30.8587,39.1984,0.18045
25,8,67315,-11.6129,-27.0781,-10.8332,-24.9459,-10.69,-25.0154,-13.3484,-16.6803,18.5653,28.4196,66.7228,-0.00373813,0.99207,0.105905,-0.0675819,335.182,307.909,30.8587,39.1984,0.18045
26,0,67371,-10.2146,-27.814,-9.48346,-26.7521,-9.2858,-26.8057,-11.884,-18.5027,18.5968,28.4565,66.746,-0.00358673,0.992137,0.109276,-0.0609185,332.977,310.028,31.5101,39.5991,0.161223
27,5,67421,-8.81063,-28.5609,-8.06134,-28.4382,-7.80742,-28.4864,-10.3447,-20.2033,18.632,28.4979,66.772,-0.00343512,0.992148,0.112641,-0.0542516,330.671,311.99,32.2835,39.4471,0.124949
28,5,67487,-7.99119,-28.8672,-5.76213,-30.1977,-5.4295,-30.2469,-7.87219,-21.9745,18.599,28.4507,66.7349,-0.00347635,0.992158,0.114503,-0.0499957,326.896,314.083,32.6062,39.5562,0.104254
29,5,67487,-6.52175,-29.6841,-5.76213,-30.1977,-5.4295,-30.2469,-7.87219,-21.9745,18.6765,28.5329,66.7789,-0.00332442,0.992079,0.117858,-0.0433241,326.896,314.083,32.6062,39.5562,0.104254
30,0,67543,-4.32261,-30.8607,-3.62592,-31.3761,-3.22875,-31.4311,-5.58251,-23.1583,18.7248,28.5546,66.7538,-0.00237211,0.991819,0.123357,-0.0327343,323.416,315.529,33.0705,39.9081,0.0631733
31,0,67543,-1.89896,-32.0823,-3.62592,-31.3761,-3.22875,-31.4311,-5.58251,-23.1583,18.8477,28.6338,66.7381,-0.00226065,0.991462,0.128539,-0.0217957,323.416,315.529,33.0705,39.9081,0.0631733
32,5,67604,-2.01434,-32.0332,-1.25062,-32.2595,-0.792808,-32.3203,-3.04367,-24.0426,18.7758,28.6036,66.7795,-0.00226065,0.991462,0.128539,-0.0217957,319.571,316.58,33.5555,39.6348,0.00598677
33,5,67654,0.333502,-32.2291,0.939921,-32.7227,1.44197,-32.7845,-0.708167,-24.5025,18.8275,28.6013,66.8178,-0.0012651,0.991516,0.12956,-0.0104623,316.058,317.202,33.4435,39.7265,-0.065904
34,5,67654,2.67482,-33.46,0.939921,-32.7227,1.44197,-32.7845,-0.708167,-24.5025,18.9553,28.6272,66.823,-0.000312039,0.990845,0.135007,0.000136595,316.058,317.202,33.4435,39.7265,-0.065904
35,5,67704,2.55324,-33.4898,3.08019,-33.0343,3.61697,-33.095,1.5714,-24.8091,18.8717,28.6429,66.7272,-0.000312039,0.990845,0.135007,0.000136594,312.595,317.654,33.526,39.7746,-0.0999992
36,0,67753,4.50501,-33.2542,5.134,-32.829,5.68634,-32.8737,3.75048,-24.593,18.9613,28.6341,66.7362,-0.000536166,0.990943,0.133979,0.00897726,309.301,317.477,33.3852,39.7473,-0.137864
37,0,67753,6.97931,-33.4626,5.134,-32.829,5.68634,-32.8737,3.75048,-24.593,19.0855,28.6166,66.8107,0.000459677,0.990644,0.134954,0.0203108,309.301,317.477,33.3852,39.7473,-0.137864
38,5,67804,6.88656,-33.4598,7.30098,-32.4144,7.85691,-32.4338,6.04634,-24.1646,19.0292,28.6167,66.8673,0.000459677,0.990644,0.134954,0.0203108,305.847,317.096,33.3121,39.9707,-0.176317
39,5,67871,8.14584,-32.2608,10.138,-31.6672,10.6799,-31.643,9.0487,-23.3969,19.0487,28.5993,66.9099,0.000426606,0.991219,0.129551,0.0264678,301.399,316.351,32.533,39.553,-0.260835
40,5,67871,10.1696,-32.0214,10.138,-31.6672,10.6799,-31.643,9.0487,-23.3969,19.1778,28.5749,66.866,0.000202518,0.991082,0.128491,0.0353043,301.399,316.351,32.533,39.553,-0.260835
41,0,67905,11.4735,-30.7615,10.138,-31.6672,10.6799,-31.643,9.0487,-23.3969,19.2355,28.5138,67.0257,0.000169401,0.991531,0.123072,0.0414573,301.399,316.351,32.533,39.553,-0.260835
42,8,67905,11.4735,-30.7615,11.4941,-30.978,12.0139,-30.9197,10.4783,-22.694,19.2355,28.5138,67.0257,0.000169401,0.991531,0.123072,0.0414573,299.269,315.611,32.609,39.5993,-0.278271
43,5,67993,14.3642,-27.7856,14.6119,-28.654,15.0407,-28.4871,13.7528,-20.3295,19.3036,28.4585,66.9677,0.00122477,0.992453,0.109277,0.055632,294.455,313.072,31.7963,39.3318,-0.331216
44,5,67993,16.4968,-26.384,14.6119,-28.654,15.0407,-28.4871,13.7528,-20.3295,19.3664,28.4234,66.8688,0.00230845,0.992539,0.102595,0.0658504,294.455,313.072,31.7963,39.3318,-0.331216
45,5,68037,16.4568,-26.4811,16.0454,-27.1847,16.4101,-26.9528,15.2516,-18.8367,19.3355,28.4835,66.7952,0.00230845,0.992539,0.102595,0.0658504,292.293,311.482,31.035,39.3309,-0.359541
46,0,68071,17.2779,-24.8465,16.0454,-27.1847,16.4101,-26.9528,15.2516,-18.8367,19.3804,28.396,66.9023,0.00227965,0.992984,0.0954382,0.0697848,292.293,311.482,31.035,39.3309,-0.359541
47,5,68104,18.3617,-23.5636,18.0134,-24.7778,18.266,-24.445,17.3029,-16.393,19.4194,28.3679,66.884,0.00266318,0.993169,0.0893687,0.0749787,289.318,308.914,30.0123,39.2972,-0.348778
48,5,68154,18.8001,-23.1816,19.031,-22.7184,19.1911,-22.3124,18.35,-14.3048,19.4257,28.3313,66.8823,0.00261405,0.99315,0.087765,0.0770904,287.882,306.632,29.4175,39.0999,-0.386879
49,5,68154,19.907,-21.8527,19.031,-22.7184,19.1911,-22.3124,18.35,-14.3048,19.4771,28.2683,66.8592,0.00299735,0.993252,0.081688,0.0822779,287.882,306.632,29.4175,39.0999,-0.386879
50,5,68237,20.4828,-19.6827,20.3008,-19.5339,20.3162,-19.0302,19.6464,-11.0769,19.4722,28.2644,66.8288,0.0028767,0.993796,0.0712026,0.0853912,286.071,303.206,28.4064,38.9452,-0.358858
51,5,68237,20.9457,-19.2197,20.3008,-19.5339,20.3162,-19.0302,19.6464,-11.0769,19.4917,28.1719,66.7902,0.00282743,0.993727,0.0695949,0.0874987,286.071,303.206,28.4064,38.9452,-0.358858
52,5,68336,20.635,-16.7491,20.7615,-15.3973,20.6117,-14.8175,20.0671,-6.88887,19.4835,28.1683,66.8957,0.00309369,0.994578,0.0576445,0.0864949,285.626,298.659,27.1056,38.5601,-0.367256
53,5,68336,21.2351,-14.4308,20.7615,-15.3973,20.6117,-14.8175,20.0671,-6.88887,19.4898,28.0482,66.9033,0.00297223,0.994858,0.047142,0.0895855,285.626,298.659,27.1056,38.5601,-0.367256
54,5,68387,21.2532,-14.593,20.8187,-12.3845,20.5556,-11.7783,20.0777,-3.83974,19.4939,28.1513,66.7769,0.00297223,0.994858,0.047142,0.0895855,285.719,295.435,26.0493,38.3982,-0.339388
55,8,68388,20.9541,-11.9051,20.8187,-12.3845,20.5556,-11.7783,20.0777,-3.83974,19.4873,27.9855,66.9802,0.00323765,0.995444,0.0351777,0.0885584,285.719,295.435,26.0493,38.3982,-0.339388
56,5,68464,20.0686,-9.23582,20.1384,-8.87006,19.7688,-8.28276,19.2963,-0.285978,19.4831,27.9691,66.9538,0.00311576,0.996173,0.0221383,0.0844965,287.001,291.637,25.0239,38.3224,-0.328879
57,0,68481,19.1832,-6.50228,20.1384,-8.87006,19.7688,-8.28276,19.2963,-0.285978,19.464,27.8957,66.836,0.00299329,0.996715,0.00909482,0.0804188,287.001,291.637,25.0239,38.3224,-0.328879
58,5,68530,18.3081,-5.26876,19.0817,-5.96508,18.6441,-5.43558,18.125,2.64951,19.4485,27.8533,66.8769,0.0030028,0.997073,0.00328243,0.0763234,288.799,288.506,24.2783,38.161,-0.303325
59,0,68563,17.4256,-4.00783,19.0817,-5.96508,18.6441,-5.43558,18.125,2.64951,19.4255,27.7903,66.9377,0.00301215,0.997381,-0.00253011,0.0722242,288.799,288.506,24.2783,38.161,-0.303325
60,5,68610,17.2615,-3.0243,17.2636,-3.19176,16.7929,-2.77235,16.1468,5.44867,19.4053,27.7871,66.8085,0.00375078,0.997401,-0.00752785,0.071565,291.716,285.452,22.876,38.0393,-0.258244
61,0,68645,17.0933,-2.0413,17.2636,-3.19176,16.7929,-2.77235,16.1468,5.44867,19.3781,27.7828,66.635,0.00448931,0.997394,-0.0125254,0.070904,291.716,285.452,22.876,38.0393,-0.258244
62,5,68675,15.1223,0.32904,15.4708,-0.886123,14.9849,-0.590612,14.2033,7.77465,19.3157,27.7011,66.7132,0.00356876,0.997812,-0.0237129,0.0616177,294.593,282.956,22.4039,37.7059,-0.23091
63,5,68728,15.2194,0.206111,13.4616,0.544262,12.9967,0.714561,12.0444,9.21401,19.3769,27.7813,66.6364,0.00356876,0.997812,-0.0237129,0.0616177,297.721,281.293,21.8863,37.3518,-0.197668
64,8,68729,13.2076,2.63242,13.4616,0.544262,12.9967,0.714561,12.0444,9.21401,19.281,27.6556,66.7567,0.00264744,0.998017,-0.0348955,0.0523182,297.721,281.293,21.8863,37.3518,-0.197668
65,5,68804,11.9321,3.18376,10.6669,2.2594,10.2373,2.24914,9.04613,10.9383,19.2626,27.6564,66.7202,0.00278413,0.998223,-0.0376963,0.046076,302.076,279.358,21.4047,37.2361,-0.154286
66,0,68821,10.5764,3.72695,10.6669,2.2594,10.2373,2.24914,9.04613,10.9383,19.1811,27.6596,66.5591,0.00292068,0.998381,-0.0404954,0.0398317,302.076,279.358,21.4047,37.2361,-0.154286
67,5,68871,8.43554,2.67743,7.9,3.24721,7.52051,3.07376,6.08941,11.9267,19.1546,27.6528,66.5765,0.001284,0.998954,-0.0350691,0.0293034,306.357,278.177,20.987,37.3929,-0.115974
68,0,68888,6.22907,1.64467,7.9,3.24721,7.52051,3.07376,6.08941,11.9267,19.0764,27.6328,66.6279,-0.00035286,0.999384,-0.0296377,0.018771,306.357,278.177,20.987,37.3929,-0.115974
69,5,68920,5.11912,3.73148,5.92801,3.59912,5.58877,3.32129,3.988,12.2748,19.0188,27.586,66.7371,0.000852105,0.999112,-0.0398596,0.0136381,309.402,277.702,21.032,37.577,-0.093271
70,5,68970,5.21061,3.65965,3.71991,3.6115,3.42893,3.23374,1.64134,12.2784,19.0753,27.6319,66.63,0.000852105,0.999112,-0.0398596,0.0136381,312.8,277.537,20.8108,37.714,-0.0664427
71,8,68971,4.05196,5.79658,3.71991,3.6115,3.42893,3.23374,1.64134,12.2784,18.9827,27.5566,66.8057,0.00205696,0.998707,-0.0500762,0.00850336,312.8,277.537,20.8108,37.714,-0.0664427
72,5,69037,1.0305,3.94494,0.885221,3.64245,0.645593,3.1362,-1.37149,12.2982,18.9307,27.5732,66.7763,0.000708627,0.999146,-0.0408261,-0.00638511,317.18,277.4,21.4178,37.2834,-0.0322285
73,5,69096,-1.09033,2.82952,-1.57176,2.80218,-1.76084,2.23101,-3.96844,11.4379,18.8728,27.5845,66.845,-0.000297754,0.999239,-0.0352518,-0.0166848,320.952,278.101,21.2663,37.6092,0.00889049
74,5,69096,-4.22336,0.939249,-1.57176,2.80218,-1.76084,2.23101,-3.96844,11.4379,18.7349,27.6212,66.8695,-0.00164618,0.999162,-0.025982,-0.0315673,320.952,278.101,21.2663,37.6092,0.00889049
75,5,69137,-4.14046,0.951389,-3.37352,2.17871,-3.53322,1.56248,-5.87272,10.7996,18.7875,27.6115,66.7998,-0.00164618,0.999162,-0.025982,-0.0315673,323.733,278.668,21.5653,37.3941,0.0356446
76,0,69187,-5.33422,0.156114,-4.99316,1.38165,-5.1286,0.739013,-7.58058,9.98641,18.7475,27.6596,66.7384,-0.00154661,0.999052,-0.02233,-0.0373445,326.228,279.446,22.1047,37.6331,0.0667854
77,8,69180,-6.28855,-0.179844,-4.99316,1.38165,-5.1286,0.739013,-7.58058,9.98641,18.7092,27.6259,66.9035,-0.00265221,0.998912,-0.020397,-0.0418587,326.228,279.446,22.1047,37.6331,0.0667854
78,5,69237,-7.47338,-0.967499,-7.14991,-0.333559,-7.25391,-0.974819,-9.84393,8.24188,18.6765,27.6672,66.8476,-0.00255254,0.998721,-0.0167434,-0.0476328,329.595,281.11,22.3781,37.726,0.0798536
79,5,69303,-9.01081,-2.32828,-9.17148,-2.39933,-9.25268,-3.01473,-11.9578,6.14314,18.6611,27.6915,66.835,-0.00267217,0.998415,-0.0100832,-0.0552993,332.741,283.201,22.982,38.0683,0.113201
80,5,69303,-10.2725,-3.22964,-9.17148,-2.39933,-9.25268,-3.01473,-11.9578,6.14314,18.5756,27.8045,66.7038,-0.00257219,0.99811,-0.00642803,-0.0610675,332.741,283.201,22.982,38.0683,0.113201
81,5,69354,-10.2096,-3.12828,-10.5784,-4.411,-10.6456,-4.98133,-13.4194,4.10165,18.6208,27.7378,66.753,-0.00257219,0.99811,-0.00642803,-0.0610675,334.94,285.249,23.6697,37.8319,0.140633
82,8,69355,-11.8356,-4.62602,-10.5784,-4.411,-10.6456,-4.98133,-13.4194,4.10165,18.5471,27.8464,66.6729,-0.00269136,0.997632,0.000233538,-0.0687241,334.94,285.249,23.6697,37.8319,0.140633
83,5,69420,-12.4304,-7.73274,-12.0209,-6.61079,-12.0804,-7.13129,-14.9157,1.86964,18.5179,27.8847,66.7365,-0.00289545,0.997317,0.0155137,-0.0714818,337.203,287.596,24.555,38.1066,0.164038
84,5,69485,-12.5481,-8.69659,-12.848,-8.60044,-12.9008,-9.0642,-15.7615,-0.147223,18.5142,27.9288,66.7407,-0.00300563,0.997196,0.0199935,-0.0720491,338.503,289.719,25.2614,38.2656,0.182087
85,5,69485,-13.1843,-11.9382,-12.848,-8.60044,-12.9008,-9.0642,-15.7615,-0.147223,18.462,28.0415,66.8496,-0.0032088,0.996571,0.0352681,-0.0747844,338.503,289.719,25.2614,38.2656,0.182087
86,5,69537,-13.1698,-11.8352,-13.5249,-12.0515,-13.5607,-12.4081,-16.4234,-3.64239,18.4712,27.9729,66.8352,-0.0032088,0.996571,0.0352681,-0.0747844,339.568,293.417,26.4842,38.3476,0.207535
87,4,69562,-13.303,-12.8841,-13.6451,-14.0465,-13.6674,-14.3437,-16.5179,-5.6618,18.4585,28.0679,66.8552,-0.0033187,0.99636,0.0397453,-0.0753451,339.764,295.594,27.1692,38.4685,0.209507
88,5,69604,-13.1591,-14.6349,-13.7189,-15.2121,-13.7336,-15.4783,-16.5769,-6.8416,18.4652,28.1033,66.8701,-0.00318292,0.996042,0.0481566,-0.0746356,339.88,296.89,27.5769,38.5404,0.21068
89,5,69655,-13.1685,-16.7364,-13.6167,-17.2625,-13.6129,-17.476,-16.4342,-8.91622,18.4671,28.1215,66.8939,-0.00373411,0.995492,0.0583113,-0.0747072,339.702,299.178,28.2485,38.7042,0.218653
90,5,69655,-13.0175,-18.5723,-13.6167,-17.2625,-13.6129,-17.476,-16.4342,-8.91622,18.4805,28.2015,66.9449,-0.00359776,0.995019,0.0667142,-0.073986,339.702,299.178,28.2485,38.7042,0.218653
91,5,69704,-13.0231,-18.497,-13.1818,-19.5021,-13.1492,-19.6627,-15.9348,-11.1809,18.4742,28.1509,66.8908,-0.00359776,0.995019,0.0667142,-0.073986,338.991,301.689,29.0328,38.8317,0.220845
92,8,69705,-13.0239,-20.7025,-13.1818,-19.5021,-13.1492,-19.6627,-15.9348,-11.1809,18.483,28.2212,66.9658,-0.00414822,0.99428,0.076857,-0.0740435,338.991,301.689,29.0328,38.8317,0.220845
93,5,69770,-12.4018,-22.6167,-12.2319,-22.32,-12.1506,-22.4262,-14.8785,-14.0287,18.4944,28.2421,66.9669,-0.00374133,0.993757,0.0860126,-0.0709527,337.46,304.896,30.0358,39.0957,0.199586
94,0,69788,-11.7335,-24.6287,-12.2319,-22.32,-12.1506,-22.4262,-14.8785,-14.0287,18.5356,28.3176,66.9706,-0.0033341,0.993141,0.0951602,-0.0678552,337.46,304.896,30.0358,39.0957,0.199586
95,5,69837,-11.311,-26.321,-10.7984,-24.9134,-10.6547,-24.9827,-13.312,-16.6473,18.5502,28.3556,66.9138,-0.00386841,0.992496,0.10289,-0.0659527,335.138,307.869,30.9954,39.2611,0.171484
96,5,69920,-9.49378,-27.1368,-8.47523,-27.8821,-8.23865,-27.9304,-10.7938,-19.6421,18.5635,28.356,66.9632,-0.00290063,0.992622,0.107016,-0.0569305,331.335,311.329,31.8917,39.3925,0.143831
97,5,69920,-9.00813,-28.9399,-8.47523,-27.8821,-8.23865,-27.9304,-10.7938,-19.6421,18.6116,28.4529,66.8597,-0.00343461,0.991865,0.114735,-0.0550212,331.335,311.329,31.8917,39.3925,0.143831
98,5,69975,-7.06503,-29.6588,-6.83606,-29.3849,-6.53995,-29.4319,-9.02693,-21.1563,18.663,28.49,66.8434,-0.00335407,0.991946,0.118016,-0.0458669,328.645,313.105,32.5576,39.5572,0.126727
99,5,69975,-5.11312,-30.6159,-6.83606,-29.3849,-6.53995,-29.4319,-9.02693,-21.1563,18.7612,28.5654,66.8985,-0.0023855,0.99183,0.122114,-0.0368323,328.645,313.105,32.5576,39.5572,0.126727
100,5,70020,-5.19927,-30.5539,-5.04966,-30.4718,-4.69712,-30.5202,-7.11051,-22.2489,18.7068,28.5263,66.9199,-0.0023855,0.99183,0.122114,-0.0368323,325.755,314.385,32.8828,39.4896,0.0790261
101,0,70054,-3.21128,-31.319,-5.04966,-30.4718,-4.69712,-30.5202,-7.11051,-22.2489,18.7842,28.5819,66.8895,-0.00230437,0.991721,0.125372,-0.0276701,325.755,314.385,32.8828,39.4896,0.0790261
102,5,70104,-1.55079,-32.2026,-1.79936,-32.0289,-1.35563,-32.0873,-3.63064,-23.8115,18.8272,28.5938,66.8838,-0.00152547,0.99139,0.129442,-0.0197305,320.467,316.302,33.2364,39.6309,0.0137402
103,0,70140,0.140655,-33.1046,-1.79936,-32.0289,-1.35563,-32.0873,-3.63064,-23.8115,18.887,28.6105,66.8759,-0.00074646,0.990978,0.133501,-0.0117893,320.467,316.302,33.2364,39.6309,0.0137402
104,5,70180,2.59333,-33.3194,1.48226,-32.8584,1.99487,-32.9214,-0.12959,-24.6375,18.9501,28.6137,66.8789,-2.42526e-05,0.990917,0.134476,-0.000128439,315.179,317.391,33.5301,39.8173,-0.0743668
105,5,70237,3.80948,-33.1054,3.08372,-32.9963,3.61967,-33.0559,1.57451,-24.7707,18.9747,28.6266,66.8127,0.000324349,0.991049,0.133374,0.00569737,312.598,317.619,33.3116,39.806,-0.10513
106,5,70237,6.34662,-33.366,3.08372,-32.9963,3.61967,-33.0559,1.57451,-24.7707,19.083,28.6434,66.7529,0.00104653,0.990785,0.134322,0.0173577,312.598,317.619,33.3116,39.806,-0.10513
107,5,70304,6.22537,-33.3172,6.82437,-32.433,7.37836,-32.4558,5.54018,-24.1854,19.0127,28.6173,66.88,0.00104653,0.990785,0.134322,0.0173577,306.641,317.036,33.3976,39.5631,-0.203211
108,8,70305,7.55064,-33.1498,6.82437,-32.433,7.37836,-32.4558,5.54018,-24.1854,19.0998,28.6496,66.7226,0.00139506,0.990816,0.133206,0.0231823,306.641,317.036,33.3976,39.5631,-0.203211
109,5,70371,8.95617,-32.4398,9.53312,-31.7875,10.0782,-31.7717,8.40791,-23.5211,19.1246,28.6249,66.7869,0.000494464,0.991053,0.130101,0.0297753,302.357,316.428,32.8727,39.4883,-0.257341
110,0,70420,11.7636,-31.155,10.7488,-31.377,11.2819,-31.3384,9.69296,-23.1008,19.1844,28.6144,66.6953,0.00168771,0.991338,0.123963,0.0433531,300.422,316.031,32.5861,39.4395,-0.258116
111,0,70420,13.2906,-30.4001,10.7488,-31.377,11.2819,-31.3384,9.69296,-23.1008,19.2871,28.5539,66.7513,0.000786779,0.991415,0.120838,0.0499402,300.422,316.031,32.5861,39.4395,-0.258116
112,5,70471,13.186,-30.3792,13.3785,-29.6849,13.85,-29.5655,12.4593,-21.3777,19.2301,28.5464,66.9267,0.000786779,0.991415,0.120838,0.0499402,296.337,314.194,32.1359,39.3708,-0.303731
113,0,70537,15.0032,-26.4359,15.6416,-27.5739,16.0243,-27.3595,14.829,-19.2322,19.3317,28.4377,66.9422,0.00116554,0.992944,0.103018,0.0587238,292.858,311.898,31.2514,39.2031,-0.31893
114,0,70537,17.8854,-25.1384,15.6416,-27.5739,16.0243,-27.3595,14.829,-19.2322,19.4285,28.3831,66.8254,0.00235823,0.992672,0.0968173,0.0722744,292.858,311.898,31.2514,39.2031,-0.31893
115,5,70604,17.8123,-25.2741,17.4628,-25.4228,17.7471,-25.1172,16.7285,-17.048,19.3756,28.4681,66.741,0.00235823,0.992672,0.0968173,0.0722744,290.179,309.556,30.4865,39.1172,-0.38452
116,5,70654,17.7576,-25.3755,18.6567,-23.2432,18.8432,-22.8574,17.961,-14.8373,19.3361,28.5315,66.678,0.00235823,0.992672,0.0968173,0.0722744,288.396,307.188,29.7554,39.1143,-0.358689
117,5,70704,18.1761,-24.9733,18.9881,-22.6189,19.1456,-22.2112,18.3028,-14.2042,19.3527,28.4916,66.6946,0.0020183,0.99269,0.0951879,0.0741787,287.934,306.493,29.3535,38.83,-0.377908
118,5,70704,20.031,-20.9097,18.9881,-22.6189,19.1456,-22.2112,18.3028,-14.2042,19.481,28.2553,66.8765,0.00239603,0.993551,0.077303,0.0829181,287.934,306.493,29.3535,38.83,-0.377908
119,5,70754,20.0064,-21.0165,20.3679,-19.0347,20.3632,-18.5198,19.7094,-10.5715,19.4644,28.3246,66.8819,0.00239603,0.993551,0.077303,0.0829181,286.008,302.637,28.3398,38.7945,-0.371172
120,8,70755,20.4403,-20.5119,20.3679,-19.0347,20.3632,-18.5198,19.7094,-10.5715,19.4906,28.2151,66.8733,0.00205606,0.993517,0.075669,0.0848181,286.008,302.637,28.3398,38.7945,-0.371172
121,5,70820,21.031,-18.0136,20.8209,-16.1349,20.6967,-15.5626,20.1425,-7.63507,19.4943,28.1672,66.8303,0.00279087,0.994066,0.0637828,0.0880768,285.484,299.491,27.2828,38.6655,-0.361026
122,0,70885,19.7087,-14.0472,20.7203,-13.1587,20.489,-12.5599,19.9861,-4.62361,19.475,28.0898,66.8935,0.00142484,0.995585,0.045246,0.082226,285.831,296.223,26.0564,38.3614,-0.359809
123,0,70885,20.2901,-11.4411,20.7203,-13.1587,20.489,-12.5599,19.9861,-4.62361,19.4612,27.9445,66.8946,0.00215918,0.995782,0.0333401,0.0854558,285.831,296.223,26.0564,38.3614,-0.359809
124,5,70937,20.3307,-11.577,20.5383,-10.9787,20.2325,-10.3765,19.7564,-2.41824,19.4832,28.0323,66.8223,0.00215918,0.995782,0.0333401,0.0854558,286.238,293.869,25.665,37.9361,-0.338843
125,0,70987,19.3392,-9.11362,20.0479,-8.53139,19.6691,-7.94844,19.1945,0.0563807,19.4412,27.9468,66.7864,0.00286326,0.996457,0.0217396,0.0811917,287.139,291.264,24.6976,38.0678,-0.311195
126,0,70987,18.0241,-5.14643,20.0479,-8.53139,19.6691,-7.94844,19.1945,0.0563807,19.388,27.804,66.8146,0.00149543,0.997157,0.00317566,0.0752737,287.139,291.264,24.6976,38.0678,-0.311195
127,5,71071,18.0862,-5.25489,18.5118,-5.13575,18.0649,-4.63728,17.5057,3.48646,19.433,27.8781,66.8895,0.00149543,0.997157,0.00317566,0.0752737,289.696,287.568,23.4699,38.0554,-0.281371
128,0,71108,17.1216,-2.82819,18.5118,-5.13575,18.0649,-4.63728,17.5057,3.48646,19.3821,27.7943,66.8048,0.00219836,0.99744,-0.00842971,0.070979,289.696,287.568,23.4699,38.0554,-0.281371
129,5,71126,16.2158,-1.49536,17.7265,-3.54524,17.2518,-3.10133,16.6446,5.09284,19.3376,27.7357,66.7469,0.00300296,0.997648,-0.0147533,0.0668692,290.993,285.876,23.1591,37.8259,-0.261938
130,0,71204,13.915,0.0817165,15.4508,-0.998755,14.9692,-0.701148,14.184,7.66059,19.3064,27.7085,66.8312,0.00182309,0.998195,-0.0223655,0.0557075,294.615,283.051,22.4128,37.6629,-0.233206
131,0,71204,12.9823,1.44519,15.4508,-0.998755,14.9692,-0.701148,14.184,7.66059,19.237,27.628,66.8371,0.00262746,0.998253,-0.0286866,0.0515885,294.615,283.051,22.4128,37.6629,-0.233206
132,5,71254,13.067,1.3602,13.0738,0.927787,12.6096,1.06927,11.626,9.60055,19.2907,27.6835,66.7705,0.00262746,0.998253,-0.0286866,0.0515885,298.342,280.909,21.8614,37.7625,-0.193743
133,5,71311,11.992,1.27797,12.0306,1.79678,11.5732,1.86345,10.503,10.4757,19.2607,27.6778,66.7421,0.00286855,0.998517,-0.0282432,0.0464545,299.992,279.968,21.7491,37.3628,-0.184868
134,5,71311,9.60764,2.91818,12.0306,1.79678,11.5732,1.86345,10.503,10.4757,19.1546,27.5976,66.7974,0.00168795,0.998733,-0.035847,0.0352758,299.992,279.968,21.7491,37.3628,-0.184868
135,5,71371,8.54553,2.83268,8.47954,3.15089,8.08718,3.00755,6.70687,11.8316,19.1278,27.5936,66.7692,0.0019288,0.998917,-0.0354013,0.0301386,305.473,278.328,21.3469,37.3424,-0.12863
136,8,71371,8.54553,2.83268,8.47954,3.15089,8.08718,3.00755,6.70687,11.8316,19.1278,27.5936,66.7692,0.0019288,0.998917,-0.0354013,0.0301386,305.473,278.328,21.3469,37.3424,-0.12863
137,5,71437,6.34301,4.32082,5.76257,3.51279,5.42927,3.23147,3.81362,12.1868,19.0649,27.5784,66.7822,0.00208577,0.998891,-0.0428055,0.0194887,309.643,277.751,20.9715,37.4013,-0.0855217
138,5,71487,6.4351,4.29811,3.51283,3.75379,3.2229,3.35981,1.41891,12.4216,19.1266,27.5933,66.7694,0.00208577,0.998891,-0.0428055,0.0194887,313.12,277.407,21.1193,37.4961,-0.0587363
139,8,71488,4.11932,5.81742,3.51283,3.75379,3.2229,3.35981,1.41891,12.4216,18.9834,27.5588,66.7992,0.00224238,0.998698,-0.0502024,0.0088355,313.12,277.407,21.1193,37.4961,-0.0587363
140,5,71554,1.09018,4.01768,0.728549,3.4446,0.495343,2.94149,-1.53469,12.0973,18.9482,27.5691,66.781,0.000770633,0.999133,-0.0411624,-0.00621156,317.407,277.559,21.1401,37.3763,-0.0223203
141,5,71620,-1.58495,3.06944,-1.57968,2.72488,-1.7673,2.15738,-3.97556,11.3596,18.8889,27.598,66.7645,-0.00104326,0.999142,-0.0365874,-0.0193556,320.956,278.163,21.3662,37.4945,0.0146947
142,5,71620,-4.72975,1.19871,-1.57968,2.72488,-1.7673,2.15738,-3.97556,11.3596,18.7592,27.6448,66.7087,-0.00251486,0.999026,-0.0275256,-0.0343955,320.956,278.163,21.3662,37.4945,0.0146947
143,5,71687,-4.61047,1.26546,-4.76205,1.42258,-4.8995,0.787445,-7.33567,10.0288,18.8412,27.6005,66.7264,-0.00251486,0.999026,-0.0275256,-0.0343955,325.885,279.394,22.0939,37.5481,0.0510873
144,8,71688,-7.39168,0.228099,-4.76205,1.42258,-4.8995,0.787445,-7.33567,10.0288,18.7053,27.674,66.6971,-0.00432788,0.998597,-0.0229361,-0.0475275,325.885,279.394,22.0939,37.5481,0.0510873
145,5,71770,-7.87498,-0.738907,-7.78055,-0.858101,-7.87754,-1.4974,-10.5054,7.70849,18.6787,27.6872,66.7534,-0.00345262,0.998592,-0.0181094,-0.0497404,330.581,281.643,22.6213,37.835,0.0852294
146,0,71821,-10.1946,-3.284,-9.35029,-2.59489,-9.42996,-3.20737,-12.1445,5.94451,18.6015,27.7654,66.7869,-0.00462866,0.998113,-0.00596244,-0.0609358,333.032,283.393,23.0967,37.8346,0.107343
147,0,71821,-10.8013,-4.3645,-9.35029,-2.59489,-9.42996,-3.20737,-12.1445,5.94451,18.4972,27.8539,66.8875,-0.00375279,0.997997,-0.00113418,-0.0631423,333.032,283.393,23.0967,37.8346,0.107343
148,5,71904,-10.671,-4.21802,-11.4081,-5.76732,-11.469,-6.30457,-14.2785,2.7257,18.5852,27.7558,66.8785,-0.00375279,0.997997,-0.00113418,-0.0631423,336.247,286.672,24.2704,37.8705,0.151092
149,0,71963,-10.8362,-6.72651,-12.496,-7.95869,-12.5495,-8.43762,-15.3981,0.50365,18.5694,27.8097,66.8889,-0.00339188,0.997891,0.0110954,-0.0638619,337.955,289.007,25.1675,38.0444,0.173353
150,0,71963,-13.1982,-9.42413,-12.496,-7.95869,-12.5495,-8.43762,-15.3981,0.50365,18.4716,27.9642,66.91,-0.00456598,0.9969,0.0232412,-0.0750259,337.955,289.007,25.1675,38.0444,0.173353
151,5,72012,-13.1869,-9.33625,-13.204,-10.1931,-13.2491,-10.6062,-16.1133,-1.76043,18.4789,27.9053,66.8969,-0.00456598,0.9969,0.0232412,-0.0750259,339.07,291.404,26.1072,38.1475,0.191017
152,0,72070,-13.2346,-11.7007,-13.5975,-12.819,-13.6286,-13.1525,-16.4878,-4.41934,18.474,28.0015,66.8921,-0.00463976,0.996565,0.0342855,-0.0752399,339.698,294.26,26.6981,38.4814,0.198224
153,0,72070,-13.4007,-14.3664,-13.5975,-12.819,-13.6286,-13.1525,-16.4878,-4.41934,18.4632,28.1343,66.9006,-0.00427712,0.996019,0.0465044,-0.0759288,339.698,294.26,26.6981,38.4814,0.198224
154,5,72154,-13.397,-14.1914,-13.7943,-16.8351,-13.7979,-17.062,-16.63,-8.48444,18.467,28.019,66.9138,-0.00427712,0.996019,0.0465044,-0.0759288,340.004,298.724,28.0987,38.6833,0.204113
155,5,72220,-12.7064,-18.1211,-13.2836,-19.5319,-13.2532,-19.6938,-16.0424,-11.2115,18.4899,28.1036,66.9141,-0.00391794,0.995218,0.0652499,-0.0725765,339.136,301.732,29.1222,38.8285,0.234724
156,5,72220,-12.7209,-20.6567,-13.2836,-19.5319,-13.2532,-19.6938,-16.0424,-11.2115,18.5093,28.275,66.9043,-0.00398976,0.994421,0.0762711,-0.0727562,339.136,301.732,29.1222,38.8285,0.234724
157,5,72270,-12.7633,-20.5651,-12.3852,-21.8912,-12.3117,-22.0043,-15.0485,-13.5953,18.4814,28.2148,66.8996,-0.00398976,0.994421,0.0762711,-0.0727562,337.707,304.404,29.9192,39.0835,0.204128
158,0,72305,-12.0251,-24.6281,-12.3852,-21.8912,-12.3117,-22.0043,-15.0485,-13.5953,18.536,28.3327,66.9088,-0.00362836,0.993053,0.0949763,-0.0693627,337.707,304.404,29.9192,39.0835,0.204128
159,0,72354,-10.1034,-26.4505,-10.6931,-25.109,-10.5446,-25.1764,-13.1968,-16.8448,18.5863,28.4035,66.9428,-0.00380326,0.992814,0.103308,-0.0602766,334.943,308.085,31.1336,39.1979,0.189058
160,5,72404,-10.1578,-26.372,-9.44209,-27.1037,-9.23916,-27.1577,-11.8342,-18.8584,18.5498,28.3522,66.9182,-0.00380326,0.992814,0.103308,-0.0602766,332.929,310.424,31.7394,39.2194,0.142034
161,5,72470,-8.54452,-27.5367,-7.30746,-28.9783,-7.02815,-29.0249,-9.53464,-20.7467,18.5935,28.401,66.8856,-0.00295778,0.992687,0.108647,-0.0525289,329.424,312.62,32.392,39.4946,0.128097
162,5,72470,-6.54211,-29.4631,-7.30746,-28.9783,-7.02815,-29.0249,-9.53464,-20.7467,18.6877,28.5205,66.8856,-0.00313184,0.992183,0.11695,-0.0434278,329.424,312.62,32.392,39.4946,0.128097
163,5,72520,-6.62206,-29.3841,-5.57477,-30.2799,-5.2367,-30.329,-7.67172,-22.0569,18.6394,28.4715,66.9454,-0.00313184,0.992183,0.11695,-0.0434278,326.605,314.178,32.9254,39.68,0.0892927
164,0,72538,-4.91783,-30.6499,-5.57477,-30.2799,-5.2367,-30.329,-7.67172,-22.0569,18.7331,28.5665,66.8293,-0.00228582,0.991853,0.122267,-0.0356704,326.605,314.178,32.9254,39.68,0.0892927
165,5,72587,-3.05387,-31.4697,-3.01618,-31.7483,-2.60042,-31.807,-4.92837,-23.5324,18.759,28.5761,66.8473,-0.00227673,0.991654,0.12611,-0.0267236,322.463,315.936,33.4715,39.5189,0.0181171
166,0,72653,-0.265123,-32.0658,-0.431075,-32.5395,0.0460454,-32.603,-2.16812,-24.3226,18.83,28.5891,66.8329,-0.00106317,0.991568,0.128891,-0.0133629,318.266,316.948,33.647,39.7618,-0.0317955
167,0,72653,1.71635,-32.9338,-0.431075,-32.5395,0.0460454,-32.603,-2.16812,-24.3226,18.9244,28.6158,66.859,-0.00105379,0.991145,0.132705,-0.00441164,318.266,316.948,33.647,39.7618,-0.0317955
168,5,72721,4.51963,-33.5636,2.67896,-32.9228,3.20847,-32.9821,1.14316,-24.6979,18.9939,28.6272,66.839,0.00016005,0.990744,0.135445,0.00895187,313.237,317.495,33.6953,39.8164,-0.0873097
169,0,72787,4.60782,-31.9054,5.36639,-32.7538,5.91876,-32.7949,3.99618,-24.516,18.9749,28.5731,66.9412,-0.00132139,0.991687,0.128318,0.00944942,308.912,317.364,33.5993,39.5672,-0.130433
170,0,72787,7.54986,-32.5204,5.36639,-32.7538,5.91876,-32.7949,3.99618,-24.516,19.1313,28.5678,66.955,-0.000107172,0.991115,0.131036,0.0228114,308.912,317.364,33.5993,39.5672,-0.130433
171,5,72837,7.46572,-32.5618,7.68334,-32.3124,8.23825,-32.3262,6.45096,-24.0599,19.074,28.5926,66.9066,-0.000107172,0.991115,0.131036,0.0228114,305.231,316.95,33.2623,39.5201,-0.181819
172,5,72887,7.38145,-32.6032,9.69553,-31.6946,10.2381,-31.6746,8.57895,-23.4265,19.0168,28.6173,66.8583,-0.000107172,0.991115,0.131036,0.0228114,302.109,316.315,32.9123,39.4338,-0.268219
173,0,72937,10.6175,-31.0968,11.3354,-31.0498,11.8577,-30.9953,10.3108,-22.7673,19.0907,28.603,66.7952,0.00126385,0.991544,0.12393,0.0384674,299.49,315.698,32.5785,39.6464,-0.251973
174,0,72937,13.7881,-30.0934,11.3354,-31.0498,11.8577,-30.9953,10.3108,-22.7673,19.3047,28.5393,66.7712,0.000996152,0.991459,0.119463,0.0523129,299.49,315.698,32.5785,39.6464,-0.251973
175,5,73004,13.6487,-30.0778,14.0342,-29.009,14.4794,-28.8601,13.1447,-20.691,19.2266,28.536,66.9687,0.000996152,0.991459,0.119463,0.0523129,295.338,313.447,31.9286,39.4652,-0.31678
176,0,73037,14.8295,-27.1779,14.7052,-28.5195,15.1288,-28.3471,13.8497,-20.193,19.3215,28.4565,66.9125,0.000904939,0.992643,0.106402,0.0577766,294.295,312.944,31.5471,39.4636,-0.312873
177,5,73087,14.7511,-27.2275,16.5703,-26.4668,16.9039,-26.2056,15.7975,-18.1081,19.2729,28.4898,66.9576,0.000904939,0.992643,0.106402,0.0577766,291.478,310.676,30.9813,39.1122,-0.347381
178,5,73087,18.0982,-25.7656,16.5703,-26.4668,16.9039,-26.2056,15.7975,-18.1081,19.3945,28.454,66.74,0.00227515,0.992353,0.0992117,0.0733983,291.478,310.676,30.9813,39.1122,-0.347381
179,5,73137,18.0404,-25.8669,18.0222,-24.6073,18.2687,-24.2694,17.3095,-16.2204,19.3542,28.5178,66.6979,0.00227515,0.992353,0.0992117,0.0733983,289.298,308.692,30.2085,39.0732,-0.344129
180,5,73187,18.7553,-24.222,18.8285,-23.2398,19.0114,-22.851,18.1435,-14.8333,19.3906,28.4294,66.735,0.00224597,0.992786,0.0919977,0.0768532,288.14,307.22,29.7761,39.186,-0.362055
181,5,73187,19.9185,-21.2306,18.8285,-23.2398,19.0114,-22.851,18.1435,-14.8333,19.4793,28.2535,66.8265,0.00215403,0.993479,0.0788894,0.0822836,288.14,307.22,29.7761,39.186,-0.362055
182,5,73237,19.8926,-21.3384,19.6909,-20.7003,19.7638,-20.2339,19.0177,-12.2598,19.4606,28.3227,66.8081,0.00215403,0.993479,0.0788894,0.0822836,286.955,304.39,28.8094,38.7108,-0.382137
183,0,73271,20.6038,-19.6787,19.6909,-20.7003,19.7638,-20.2339,19.0177,-12.2598,19.4913,28.2092,66.8383,0.00212445,0.993736,0.0716602,0.0857244,286.955,304.39,28.8094,38.7108,-0.382137
184,5,73320,21.0101,-17.2745,20.6598,-16.6756,20.5602,-16.1148,19.9803,-8.18291,19.4974,28.153,66.8068,0.00255835,0.994288,0.0603179,0.0880185,285.694,300.049,27.4641,38.6282,-0.36424
185,5,73370,20.9993,-17.3579,20.8126,-14.3649,20.623,-13.773,20.1042,-5.84388,19.4914,28.2081,66.8377,0.00255835,0.994288,0.0603179,0.0880185,285.607,297.558,26.8996,38.6409,-0.35536
186,8,73371,21.425,-14.8893,20.8126,-14.3649,20.623,-13.773,20.1042,-5.84388,19.5033,28.099,66.7765,0.0029919,0.994705,0.0489676,0.0903008,285.607,297.558,26.8996,38.6409,-0.35536
187,5,73437,20.3702,-11.4246,20.6529,-11.4512,20.3607,-10.8465,19.886,-2.89599,19.4852,28.0293,66.8169,0.00222439,0.99579,0.0325966,0.0856481,286.032,294.412,25.6483,38.3412,-0.335623
188,5,73501,19.3554,-9.1926,20.0865,-8.89039,19.7194,-8.30474,19.2415,-0.306761,19.4731,27.9811,66.8279,0.00287117,0.996466,0.0218815,0.0810484,287.068,291.63,24.7999,38.0346,-0.325896
189,5,73501,18.3013,-5.64571,20.0865,-8.89039,19.7194,-8.30474,19.2415,-0.306761,19.432,27.8215,66.9024,0.00210229,0.997063,0.00549708,0.0763552,287.068,291.63,24.7999,38.0346,-0.325896
190,5,73554,18.3277,-5.74517,19.0527,-6.43212,18.6327,-5.89876,18.102,2.17676,19.4487,27.8875,66.8864,0.00210229,0.997063,0.00549708,0.0763552,288.805,288.942,23.7711,38.086,-0.310402
191,0,73584,17.3285,-3.47679,19.0527,-6.43212,18.6327,-5.89876,18.102,2.17676,19.4257,27.7965,66.9084,0.00274807,0.997407,-0.00522258,0.0717295,288.805,288.942,23.7711,38.086,-0.310402
192,5,73620,17.5976,-2.38393,17.7702,-3.56512,17.2946,-3.11918,16.6914,5.0729,19.4062,27.7942,66.7681,0.00334797,0.997255,-0.0107797,0.0731729,290.921,285.902,23.0818,37.7811,-0.258125
193,5,73686,16.2443,-2.05365,15.714,-1.36801,15.2355,-1.05031,14.4698,7.28797,19.3862,27.7738,66.8243,0.00317714,0.997694,-0.0122319,0.0666891,294.187,283.441,22.603,37.7094,-0.234616
194,5,73686,16.4759,-0.935232,15.714,-1.36801,15.2355,-1.05031,14.4698,7.28797,19.3381,27.7531,66.6441,0.00377695,0.997511,-0.0177887,0.0681303,294.187,283.441,22.603,37.7094,-0.234616
195,5,73737,16.5479,-0.993277,14.1306,0.0857053,13.6583,0.298304,12.763,8.75268,19.3847,27.791,66.62,0.00377695,0.997511,-0.0177887,0.0681303,296.667,281.827,21.9138,37.5632,-0.197792
196,8,73738,15.1175,-0.60347,14.1306,0.0857053,13.6583,0.298304,12.763,8.75268,19.3088,27.7294,66.6592,0.00360597,0.997906,-0.0192402,0.0616437,296.667,281.827,21.9138,37.5632,-0.197792
197,5,73855,10.2347,0.754728,9.77158,2.79461,9.35299,2.72373,8.08579,11.4763,19.2067,27.682,66.6782,0.000800635,0.998951,-0.0255252,0.0380012,303.475,278.787,21.2021,37.4185,-0.141187
198,5,73855,8.08964,1.93532,9.77158,2.79461,9.35299,2.72373,8.08579,11.4763,19.1037,27.6163,66.7504,0.000167565,0.999128,-0.0309695,0.0280012,303.475,278.787,21.2021,37.4185,-0.141187
199,5,73904,8.17845,1.9334,7.76077,3.42632,7.38029,3.23884,5.93847,12.1074,19.1672,27.6192,66.8177,0.000167565,0.999128,-0.0309695,0.0280012,306.581,278.034,21.1052,37.8327,-0.112268
200,0,73937,5.32877,2.10769,7.76077,3.42632,7.38029,3.23884,5.93847,12.1074,19.0609,27.6143,66.7051,-0.00200519,0.99939,-0.0317946,0.0143356,306.581,278.034,21.1052,37.8327,-0.112268
201,5,73970,3.35494,2.95557,4.96364,3.76694,4.64256,3.43776,2.96041,12.4408,18.9533,27.5813,66.8299,-0.000470635,0.999343,-0.0358643,0.00523235,310.885,277.481,21.025,37.3948,-0.0751961
202,5,74037,3.49251,2.91225,1.89125,3.65792,1.63417,3.19587,-0.302678,12.3179,19.0413,27.6083,66.728,-0.000470635,0.999343,-0.0358643,0.00523235,315.606,277.415,21.1265,37.4634,-0.0284066
203,0,74052,1.48698,3.77858,1.89125,3.65792,1.63417,3.19587,-0.302678,12.3179,18.91,27.5679,66.8802,0.00106397,0.999194,-0.0399305,-0.00387146,315.606,277.415,21.1265,37.4634,-0.0284066
204,5,74104,-0.594513,3.91818,-0.994381,3.06687,-1.19546,2.50715,-3.35929,11.7081,18.8685,27.5858,66.8329,0.000634481,0.999069,-0.0407633,-0.0141348,320.057,277.868,21.6603,37.2576,0.0059129
205,0,74147,-2.68803,4.05088,-0.994381,3.06687,-1.19546,2.50715,-3.35929,11.7081,18.8183,27.6073,66.7758,0.000204929,0.998837,-0.0415918,-0.0243966,320.057,277.868,21.6603,37.2576,0.0059129
206,5,74166,-4.10905,1.37958,-2.62727,2.41376,-2.79795,1.81718,-5.08363,11.0405,18.7438,27.6267,66.9278,-0.000534398,0.999121,-0.0282114,-0.0309996,322.575,278.439,21.4143,37.3088,0.0289658
207,0,74237,-6.97593,0.244545,-6.0092,0.573109,-6.1282,-0.0691042,-8.64683,9.16405,18.6927,27.6856,66.8029,-0.00243907,0.998709,-0.0230035,-0.0452347,327.801,280.213,22.3797,37.5592,0.0825474
208,0,74237,-8.41444,-2.50123,-6.0092,0.573109,-6.1282,-0.0691042,-8.64683,9.16405,18.5944,27.7433,66.8416,-0.00317775,0.998605,-0.00961212,-0.0518226,327.801,280.213,22.3797,37.5592,0.0825474
209,5,74321,-8.26962,-2.36044,-9.02943,-2.18147,-9.11263,-2.80228,-11.8105,6.36419,18.699,27.6515,66.9533,-0.00317775,0.998605,-0.00961212,-0.0518226,332.516,282.958,23.1014,37.4705,0.115367
210,0,74338,-11.2401,-3.59128,-9.02943,-2.18147,-9.11263,-2.80228,-11.8105,6.36419,18.5807,27.7554,66.827,-0.00508115,0.997795,-0.00439718,-0.0660373,332.516,282.958,23.1014,37.4705,0.115367
211,5,74387,-12.2189,-4.83638,-10.792,-4.53204,-10.8595,-5.1042,-13.6443,3.97829,18.5278,27.8162,66.8288,-0.00550742,0.997489,0.00133979,-0.0705937,335.272,285.395,23.9571,37.8507,0.144165
212,0,74454,-12.3511,-8.24635,-12.2059,-7.25154,-12.2618,-7.75068,-15.1015,1.22046,18.5141,27.9236,66.8374,-0.00432152,0.997301,0.0177168,-0.0711261,337.498,288.265,24.7871,38.2143,0.166331
213,0,74454,-13.3392,-9.6079,-12.2059,-7.25154,-12.2618,-7.75068,-15.1015,1.22046,18.4581,28.0538,66.8452,-0.00474716,0.996846,0.0234524,-0.0756725,337.498,288.265,24.7871,38.2143,0.166331
214,0,74504,-13.3268,-9.50459,-12.9759,-9.29718,-13.0248,-9.73744,-15.8858,-0.852829,18.4666,27.9849,66.8396,-0.00474716,0.996846,0.0234524,-0.0756725,338.714,290.459,25.4864,38.401,0.179876
215,5,74554,-13.3145,-9.40129,-13.4685,-11.3884,-13.5085,-11.766,-16.3745,-2.97113,18.4751,27.916,66.834,-0.00474716,0.996846,0.0234524,-0.0756725,339.499,292.711,26.4047,38.385,0.188012
216,5,74604,-12.9965,-11.7693,-13.6743,-13.0911,-13.7047,-13.4179,-16.5648,-4.69505,18.4784,27.9776,66.9188,-0.00527151,0.996628,0.0347829,-0.0741353,339.798,294.554,26.8695,38.3838,0.217005
217,5,74654,-12.9919,-11.6903,-13.8447,-16.2383,-13.8541,-16.4807,-16.6936,-7.88066,18.4796,27.924,66.8746,-0.00527151,0.996628,0.0347829,-0.0741353,340.056,298.037,28.149,38.4568,0.230028
218,5,74654,-13.1472,-15.2547,-13.8447,-16.2383,-13.8541,-16.4807,-16.6936,-7.88066,18.464,28.1049,66.9387,-0.00408288,0.995891,0.0511454,-0.0746277,340.056,298.037,28.149,38.4568,0.230028
219,5,74704,-12.8209,-17.6295,-13.3782,-18.3039,-13.3603,-18.4904,-16.1634,-9.96906,18.4745,28.1511,67.0621,-0.00460557,0.995359,0.0624624,-0.0730673,339.309,300.341,28.7467,38.9251,0.223389
220,8,74704,-12.8209,-17.6295,-13.3782,-18.3039,-13.3603,-18.4904,-16.1634,-9.96906,18.4745,28.1511,67.0621,-0.00460557,0.995359,0.0624624,-0.0730673,339.309,300.341,28.7467,38.9251,0.223389
221,5,74770,-12.8822,-20.1499,-12.7606,-21.2369,-12.7025,-21.364,-15.4583,-12.9348,18.4747,28.1529,67.0612,-0.00431965,0.994499,0.0747164,-0.073279,338.295,303.662,29.8802,38.9738,0.22291
222,8,74771,-12.919,-22.8754,-12.7606,-21.2369,-12.7025,-21.364,-15.4583,-12.9348,18.4891,28.2705,66.9964,-0.00403308,0.99349,0.0869591,-0.0734796,338.295,303.662,29.8802,38.9738,0.22291
223,5,74837,-12.2729,-25.1478,-11.3793,-24.0426,-11.2595,-24.123,-13.9438,-15.7684,18.5219,28.3395,66.8807,-0.004214,0.992741,0.0973114,-0.0705604,336.079,306.857,30.9763,39.1441,0.184487
224,0,74904,-9.08491,-26.4287,-9.98977,-26.4275,-9.80865,-26.4858,-12.4275,-18.1763,18.5877,28.3872,66.9548,-0.00323914,0.993095,0.103478,-0.0551774,333.797,309.643,31.3232,39.2355,0.170667
225,0,74904,-8.32781,-28.8215,-9.98977,-26.4275,-9.80865,-26.4858,-12.4275,-18.1763,18.6862,28.5145,66.8775,-0.00341931,0.992122,0.113809,-0.0522444,333.797,309.643,31.3232,39.2355,0.170667
226,5,74970,-8.43077,-28.7512,-7.77368,-28.4768,-7.51232,-28.523,-10.0384,-20.2412,18.6147,28.4664,66.7839,-0.00341931,0.992122,0.113809,-0.0522444,330.192,312.038,31.8507,39.4911,0.130254
227,0,75053,-5.72197,-30.1905,-4.88211,-30.8519,-4.51989,-30.9051,-6.92614,-22.6329,18.6839,28.5149,66.7257,-0.00291723,0.991937,0.120418,-0.0394007,325.497,314.881,32.8548,39.6378,0.0556856
228,0,75053,-2.40058,-31.6084,-4.88211,-30.8519,-4.51989,-30.9051,-6.92614,-22.6329,18.8256,28.6118,66.7785,-0.00194042,0.991673,0.126514,-0.0239886,325.497,314.881,32.8548,39.6378,0.0556856
229,5,75104,-2.49469,-31.5423,-2.88055,-31.8195,-2.46088,-31.879,-4.78306,-23.604,18.7684,28.5716,66.8391,-0.00194042,0.991673,0.126514,-0.0239886,322.222,316.06,33.43,39.8473,0.0318877
230,5,75137,-2.55548,-31.4995,-1.4467,-32.2574,-0.992369,-32.3191,-3.25208,-24.0413,18.7315,28.5457,66.8783,-0.00194042,0.991673,0.126514,-0.0239886,319.903,316.569,33.7295,39.6363,-0.00267909
231,0,75187,0.42184,-31.8206,-0.211447,-32.6414,0.271281,-32.7064,-1.93303,-24.4249,18.8443,28.5808,66.8195,-0.00129127,0.991742,0.127842,-0.0101324,317.871,317.09,33.4052,39.7292,-0.00342047
232,0,75187,3.33271,-33.3754,-0.211447,-32.6414,0.271281,-32.7064,-1.93303,-24.4249,19.0191,28.6579,66.6971,-0.000787836,0.990927,0.134372,0.00272725,317.871,317.09,33.4052,39.7292,-0.00342047
233,5,75254,3.19102,-33.3595,3.58234,-32.9838,4.12356,-33.0407,2.10417,-24.756,18.9294,28.6487,66.7181,-0.000787836,0.990927,0.134372,0.00272725,311.768,317.626,33.2129,39.8005,-0.0903157
234,0,75318,5.45981,-32.1724,6.24978,-32.7308,6.80796,-32.7665,4.93454,-24.4891,18.9838,28.6243,66.7594,-0.000274685,0.99154,0.129084,0.0136579,307.504,317.397,33.3482,39.5849,-0.149061
235,0,75318,8.56832,-32.4511,6.24978,-32.7308,6.80796,-32.7665,4.93454,-24.4891,19.1705,28.6037,66.7878,0.000374882,0.991087,0.130344,0.0275132,307.504,317.397,33.3482,39.5849,-0.149061
236,5,75370,8.46701,-32.5095,8.38657,-32.1025,8.93825,-32.105,7.19476,-23.8446,19.1016,28.6388,66.7276,0.000374882,0.991087,0.130344,0.0275132,304.151,316.754,32.9777,39.6629,-0.219871
237,0,75420,10.8135,-30.9627,10.3385,-31.4119,10.8729,-31.3775,9.25745,-23.1378,19.1636,28.6073,66.7012,0.00109328,0.991615,0.123256,0.0388174,301.08,316.042,32.7932,39.6203,-0.259778
238,0,75420,13.2042,-29.7574,10.3385,-31.4119,10.8729,-31.3775,9.25745,-23.1378,19.293,28.5415,66.733,0.00160623,0.991777,0.11791,0.0497358,301.08,316.042,32.7932,39.6203,-0.259778
239,5,75470,13.1148,-29.799,12.4203,-30.2009,12.9132,-30.108,11.4496,-21.9037,19.2377,28.5696,66.7766,0.00160623,0.991777,0.11791,0.0497358,297.82,314.745,32.3127,39.5913,-0.282709
240,0,75521,14.197,-27.4117,14.0849,-28.9883,14.5291,-28.8382,13.1983,-20.6699,19.2993,28.4809,66.9265,0.00190075,0.992699,0.107323,0.0550221,295.26,313.448,31.7474,39.6185,-0.313565
241,0,75521,16.6104,-25.7963,14.0849,-28.9883,14.5291,-28.8382,13.1983,-20.6699,19.4069,28.3739,67.0226,0.00261845,0.992754,0.10018,0.0663042,295.26,313.448,31.7474,39.6185,-0.313565
242,5,75587,16.5323,-25.9656,16.4166,-26.8685,16.7659,-26.6218,15.6409,-18.5152,19.344,28.4775,66.8242,0.00261845,0.992754,0.10018,0.0663042,291.689,311.18,30.9498,39.4695,-0.326501
243,5,75649,17.307,-24.5736,17.9884,-24.6528,18.237,-24.3167,17.2742,-16.2665,19.3537,28.4612,66.7872,0.00202576,0.993132,0.0936539,0.0700942,289.372,308.732,30.2396,39.0709,-0.363716
244,5,75649,18.4403,-22.1274,17.9884,-24.6528,18.237,-24.3167,17.2742,-16.2665,19.4492,28.303,66.9948,0.00231955,0.993691,0.0830299,0.0753576,289.372,308.732,30.2396,39.0709,-0.363716
245,5,75704,19.2227,-20.7385,19.0964,-22.5051,19.2475,-22.0926,18.4159,-14.0886,19.4639,28.2782,66.962,0.00172659,0.993923,0.0764908,0.0791369,287.762,306.39,29.5446,38.9562,-0.366066
246,8,75704,19.2227,-20.7385,19.0964,-22.5051,19.2475,-22.0926,18.4159,-14.0886,19.4639,28.2782,66.962,0.00172659,0.993923,0.0764908,0.0791369,287.762,306.39,29.5446,38.9562,-0.366066
247,5,75771,20.058,-19.6734,20.31,-19.4453,20.3219,-18.9396,19.6547,-10.9872,19.4763,28.2565,66.8824,0.00268905,0.993965,0.0712997,0.0833206,286.091,303.109,28.5537,39.1387,-0.38002
248,5,75824,20.5611,-17.4811,20.5257,-18.2159,20.4867,-17.6826,19.8634,-9.74226,19.4785,28.196,66.8948,0.00241093,0.994418,0.0610844,0.0859993,285.806,301.731,28.0383,38.532,-0.367338
249,5,75824,21.4229,-16.3111,20.5257,-18.2159,20.4867,-17.6826,19.8634,-9.74226,19.5012,28.0988,66.777,0.00337316,0.994351,0.0558861,0.0901739,285.806,301.731,28.0383,38.532,-0.367338
250,5,75870,21.427,-16.4155,20.876,-14.9937,20.7078,-14.4063,20.182,-6.47995,19.5014,28.1658,66.7438,0.00337316,0.994351,0.0558861,0.0901739,285.453,298.248,26.9125,38.4602,-0.344312
251,4,75902,21.9314,-14.1831,20.8553,-13.6921,20.6395,-13.0933,20.1384,-5.16292,19.5011,28.0696,66.7914,0.00309457,0.994629,0.0456606,0.0928373,285.57,296.829,26.3642,38.3014,-0.342801
252,5,75937,20.3118,-10.9314,20.8406,-12.4843,20.5805,-11.8781,20.1026,-3.94071,19.4704,27.9548,66.8691,0.00236943,0.995858,0.0307099,0.085545,285.677,295.531,25.8629,38.1562,-0.341419
253,5,75987,20.3491,-11.0527,20.2994,-9.72162,19.9554,-9.12693,19.4816,-1.14709,19.4915,28.0334,66.8158,0.00236943,0.995858,0.0307099,0.085545,286.686,292.542,25.2112,38.3323,-0.32628
254,0,76010,18.7464,-7.80782,20.2994,-9.72162,19.9554,-9.12693,19.4816,-1.14709,19.4557,27.8997,66.9063,0.00164363,0.99681,0.0157505,0.0782289,286.686,292.542,25.2112,38.3323,-0.32628
255,5,76053,18.3684,-6.22108,19.5556,-6.9559,19.1369,-6.39987,18.6452,1.64875,19.4464,27.8687,66.8777,0.00232088,0.99703,0.00799791,0.0765625,287.998,289.577,24.288,37.9901,-0.301177
256,0,76104,17.0096,-4.48684,18.4645,-5.09216,18.0176,-4.59603,17.4546,3.53039,19.3915,27.8208,66.7899,0.00253125,0.997519,-0.000323834,0.0703465,289.772,287.518,23.5064,38.1108,-0.281834
257,0,76104,16.5933,-2.85906,18.4645,-5.09216,18.0176,-4.59603,17.4546,3.53039,19.3441,27.7558,66.7,0.0032082,0.997602,-0.00807707,0.0686701,289.772,287.518,23.5064,38.1108,-0.281834
258,5,76154,16.6591,-2.91468,17.1187,-2.82076,16.6404,-2.41427,15.9867,5.82353,19.3917,27.7945,66.7745,0.0032082,0.997602,-0.00807707,0.0686701,291.969,285.076,22.7776,38.0778,-0.257993
259,5,76220,15.1773,-0.764638,15.7573,-1.46616,15.2805,-1.14428,14.5175,7.18883,19.3715,27.7632,66.8243,0.00274085,0.99793,-0.0185893,0.0615111,294.104,283.544,22.4114,37.8586,-0.227476
260,5,76220,13.7712,1.03785,15.7573,-1.46616,15.2805,-1.14428,14.5175,7.18883,19.267,27.6596,66.7634,0.00295038,0.998104,-0.0269079,0.0552742,294.104,283.544,22.4114,37.8586,-0.227476
261,5,76270,13.8426,0.944463,13.4327,0.669774,12.9649,0.8349,12.0117,9.34091,19.3118,27.7206,66.6982,0.00295038,0.998104,-0.0269079,0.0552742,297.78,281.187,21.8718,37.5754,-0.200009
262,0,76288,12.3116,3.16731,13.4327,0.669774,12.9649,0.8349,12.0117,9.34091,19.2482,27.634,66.7908,0.00248224,0.998139,-0.0374134,0.048098,297.78,281.187,21.8718,37.5754,-0.200009
263,0,76288,12.3116,3.16731,10.7228,2.15436,10.2945,2.15054,9.10726,10.8323,19.2482,27.634,66.7908,0.00248224,0.998139,-0.0374134,0.048098,301.983,279.469,21.3841,37.5875,-0.154192
