id,quality,time,targetX,targetY,outputEvalX,outputEvalY,outputApplyX,outputApplyY,outputEvalNopolX,outputEvalNopolY,headX,headY,headZ,headi,headj,headk,headw,ETx,ETy,ETrmin,ETrmax,ETphi
0,0,29694,3.50147,-43.8455,6.02107,-44.4098,-5.03024e-30,-1.6377,3.66397,-82.9213,19.2902,36.9054,62.2088,0.0195993,0.993375,0.113104,0.0054327,298.39,260.219,27.2344,29.3068,-0.256463
1,0,29714,3.27358,-44.2261,6.02107,-44.4098,-5.03024e-30,-1.6377,3.66397,-82.9213,19.2838,36.9116,62.1936,0.01944,0.993203,0.114676,0.00431313,298.39,260.219,27.2344,29.3068,-0.256463
2,5,29797,2.93307,-44.1669,5.30328,-43.98,5.27118,-44.194,-0.292814,-81.2792,19.2603,36.9437,62.0499,0.0188548,0.99318,0.114984,0.00415393,300.49,259.606,26.2369,29.2897,-0.422502
3,0,29814,2.90076,-44.1139,5.30328,-43.98,5.27118,-44.194,-0.292814,-81.2792,19.2551,36.9403,62.0231,0.0186752,0.993211,0.114749,0.00395507,300.49,259.606,26.2369,29.2897,-0.422502
4,0,29834,3.09475,-44.2382,5.30328,-43.98,5.27118,-44.194,-0.292814,-81.2792,19.2488,36.9262,62.0342,0.0186926,0.993135,0.115367,0.00493183,300.49,259.606,26.2369,29.2897,-0.422502
5,8,29864,3.35703,-43.3358,5.75387,-45.4113,5.73022,-45.6489,1.48934,-88.2521,19.241,36.9085,62.0205,0.0187671,0.993664,0.110712,0.00479836,300.111,262.135,26.0439,31.8577,-1.06255
6,0,29884,3.09565,-43.6065,5.75387,-45.4113,5.73022,-45.6489,1.48934,-88.2521,19.2434,36.9009,62.0115,0.0191205,0.993418,0.112825,0.00507445,300.111,262.135,26.0439,31.8577,-1.06255
7,0,30004,4.02218,-43.1032,4.32597,-43.1968,5.73022,-45.6489,-5.56048,-78.0303,19.5282,36.8882,62.2834,0.0205405,0.993591,0.110889,0.00769434,303.313,258.1,26.7554,28.7979,-0.826138
8,5,30204,4.5892,-43.5925,4.54505,-42.6084,4.49501,-42.799,-3.91811,-74.85,19.5527,36.8902,62.3154,0.019171,0.993382,0.112838,0.00961102,302.355,256.964,25.5507,28.5045,-0.426758
9,0,30215,4.45269,-43.7253,4.54505,-42.6084,4.49501,-42.799,-3.91811,-74.85,19.5525,36.8927,62.3154,0.0185953,0.993336,0.113405,0.00874937,302.355,256.964,25.5507,28.5045,-0.426758
10,5,30232,4.5308,-43.8522,4.45664,-42.5034,4.40432,-42.6923,-4.37404,-74.3816,19.5525,36.8924,62.3212,0.0185701,0.993273,0.113935,0.00910032,302.594,256.818,25.1348,28.6989,-0.38528
11,8,30235,4.83945,-44.1366,4.45664,-42.5034,4.40432,-42.6923,-4.37404,-74.3816,19.5525,36.8907,62.354,0.0185448,0.993209,0.114464,0.00945126,302.594,256.818,25.1348,28.6989,-0.38528
12,8,30285,4.87316,-44.708,5.13462,-42.7265,5.10119,-42.9171,-0.526179,-74.9969,19.5509,36.9238,62.3643,0.0162525,0.992996,0.116686,0.00885279,300.54,257.086,24.0231,27.9192,-0.337396
13,8,30295,4.98262,-44.534,5.13462,-42.7265,5.10119,-42.9171,-0.526179,-74.9969,19.5531,36.9315,62.361,0.0163763,0.993084,0.115874,0.0094153,300.54,257.086,24.0231,27.9192,-0.337396
14,5,30404,4.27499,-44.5305,5.73822,-38.5521,5.73695,-38.6467,5.54137,-53.1729,19.5553,36.9405,62.354,0.0152271,0.993055,0.116477,0.00657834,296.929,247.148,7.59259,17.4197,-0.405321
15,5,30404,4.23543,-44.3721,5.73822,-38.5521,5.73695,-38.6467,5.54137,-53.1729,19.5518,36.9352,62.3641,0.0151756,0.993128,0.115867,0.0064124,296.929,247.148,7.59259,17.4197,-0.405321
16,0,30415,3.95818,-44.4485,5.73822,-38.5521,5.73695,-38.6467,5.54137,-53.1729,19.541,36.9311,62.3433,0.0152346,0.993094,0.116216,0.00515484,296.929,247.148,7.59259,17.4197,-0.405321
17,5,30454,3.94587,-44.613,4.66577,-43.1004,4.618,-43.3002,-3.50618,-77.2734,19.5295,36.9169,62.3473,0.016158,0.992987,0.116987,0.00544788,302.092,257.892,24.6527,26.9304,-0.417857
18,0,30465,4.05908,-44.4011,4.66577,-43.1004,4.618,-43.3002,-3.50618,-77.2734,19.5211,36.9015,62.3526,0.0168126,0.993065,0.116189,0.00627936,302.092,257.892,24.6527,26.9304,-0.417857
19,0,30530,4.22433,-44.5285,4.32562,-42.7565,4.618,-43.3002,-5.29653,-75.778,19.6357,36.8772,62.1739,0.0178927,0.992997,0.116602,0.00632679,303.107,257.304,23.9091,26.9909,-0.528572
20,0,30530,4.16175,-44.139,4.32562,-42.7565,4.618,-43.3002,-5.29653,-75.778,19.6415,36.877,62.1644,0.0183189,0.993184,0.114945,0.00613086,303.107,257.304,23.9091,26.9909,-0.528572
21,5,30963,4.62992,-44.5593,4.66385,-43.2457,4.61567,-43.4483,-3.6053,-78.0183,19.6495,36.8775,62.1571,0.0190177,0.992988,0.116391,0.00813514,302.192,258.297,23.954,27.7321,-0.423334
22,8,30965,5.10834,-44.7349,4.66385,-43.2457,4.61567,-43.4483,-3.6053,-78.0183,19.6791,36.8866,62.1092,0.0194584,0.992935,0.11664,0.00984928,302.192,258.297,23.954,27.7321,-0.423334
23,8,31195,5.1243,-43.7247,5.60613,-42.6493,5.58648,-42.8363,2.29016,-74.2362,19.7873,36.8253,62.1571,0.0183544,0.993396,0.112922,0.00873423,298.967,256.777,24.3557,27.8159,-0.188534
24,0,31215,4.71735,-43.9117,5.60613,-42.6493,5.58648,-42.8363,2.29016,-74.2362,19.7972,36.8235,62.1685,0.018592,0.99329,0.11393,0.00699047,298.967,256.777,24.3557,27.8159,-0.188534
25,0,31235,4.7963,-43.5717,5.60613,-42.6493,5.58648,-42.8363,2.29016,-74.2362,19.8103,36.8261,62.1666,0.0189633,0.993451,0.112433,0.00738422,298.967,256.777,24.3557,27.8159,-0.188534
26,5,31281,5.04953,-43.5819,5.21787,-42.4796,5.18753,-42.6649,0.112007,-73.6691,19.8226,36.826,62.1484,0.0195494,0.993436,0.112378,0.00864667,300.104,256.397,24.3869,26.3741,-0.232449
27,5,31281,5.11596,-43.6177,5.21787,-42.4796,5.18753,-42.6649,0.112007,-73.6691,19.8366,36.8292,62.1089,0.0198001,0.993421,0.112438,0.00891237,300.104,256.397,24.3869,26.3741,-0.232449
28,0,31295,5.25154,-43.5164,5.21787,-42.4796,5.18753,-42.6649,0.112007,-73.6691,19.8437,36.8291,62.1078,0.0198771,0.993466,0.111978,0.0095266,300.104,256.397,24.3869,26.3741,-0.232449
29,8,31295,5.28498,-43.5405,5.28677,-42.362,5.25877,-42.5447,0.587735,-73.0145,19.8437,36.8291,62.1078,0.0198771,0.993466,0.111978,0.0095266,299.981,256.232,23.5697,27.4941,-0.419295
30,0,31315,5.13874,-43.8091,5.28677,-42.362,5.25877,-42.5447,0.587735,-73.0145,19.8563,36.8182,62.113,0.0200201,0.993318,0.11331,0.0088893,299.981,256.232,23.5697,27.4941,-0.419295
31,5,31371,5.23872,-43.9248,5.56573,-42.6178,5.54503,-42.8045,2.07187,-74.1067,19.8633,36.8069,62.1161,0.0201524,0.993251,0.113842,0.00929863,299.182,256.684,23.407,27.0712,-0.387033
32,8,31376,5.37149,-43.6275,5.56573,-42.6178,5.54503,-42.8045,2.07187,-74.1067,19.875,36.7981,62.1373,0.0201909,0.993387,0.112599,0.00978993,299.182,256.684,23.407,27.0712,-0.387033
33,8,31496,4.97466,-43.5105,5.65353,-42.8116,5.63475,-43.0018,2.4705,-75.0302,19.8744,36.8061,62.1578,0.0199221,0.993338,0.113108,0.00940971,299.031,257.053,24.157,27.6341,-0.481871
34,0,31545,5.00319,-43.2672,5.83524,-42.5859,5.63475,-43.0018,3.6743,-73.7343,19.8939,36.7946,62.217,0.0199788,0.99345,0.112108,0.00944846,298.183,256.525,23.7057,26.6521,-0.103675
35,8,31536,4.83627,-44.2172,5.83524,-42.5859,5.82242,-42.7707,3.6743,-73.7343,19.8768,36.8066,62.181,0.0199542,0.992994,0.116145,0.00870839,298.183,256.525,23.7057,26.6521,-0.103675
36,8,31746,4.20925,-43.003,5.69648,-42.3816,5.68031,-42.563,2.9826,-72.797,19.8986,36.7918,62.2314,0.0200356,0.993561,0.111107,0.00948719,298.584,256.198,24.4034,28.0983,-0.180082
37,8,31766,4.26163,-43.3011,5.69648,-42.3816,5.68031,-42.563,2.9826,-72.797,19.9028,36.7998,62.1878,0.0201461,0.993428,0.112252,0.00971481,298.584,256.198,24.4034,28.0983,-0.180082
38,5,31789,3.79166,-43.385,6.22384,-41.8378,6.22495,-42.0055,6.40888,-69.606,19.9101,36.8036,62.1761,0.0200997,0.993375,0.112673,0.0103514,296.587,255.006,24.9529,30.189,0.0226943
39,8,31786,3.80211,-43.2394,6.22384,-41.8378,6.22495,-42.0055,6.40888,-69.606,19.9098,36.8058,62.1647,0.0201516,0.993454,0.11201,0.00988329,296.587,255.006,24.9529,30.189,0.0226943
40,0,31816,3.8824,-43.4941,6.22384,-41.8378,6.22495,-42.0055,6.40888,-69.606,19.9164,36.8067,62.1661,0.0200534,0.993321,0.113093,0.010988,296.587,255.006,24.9529,30.189,0.0226943
41,5,31861,3.30087,-43.4268,5.35461,-42.1584,5.32919,-42.3367,1.10924,-71.9202,19.9244,36.7984,62.1672,0.0198801,0.993347,0.112978,0.0101618,299.593,255.679,24.4637,26.6869,-0.288852
42,8,31866,3.35513,-43.4598,5.35461,-42.1584,5.32919,-42.3367,1.10924,-71.9202,19.9332,36.7923,62.1493,0.0197068,0.993336,0.113131,0.00982571,299.593,255.679,24.4637,26.6869,-0.288852
43,8,31936,3.20941,-43.3591,5.39547,-42.3133,5.37077,-42.4945,1.25566,-72.6809,19.9668,36.7677,62.1176,0.0199464,0.993335,0.112914,0.0117743,299.521,256.115,23.9341,27.555,-0.231476
44,8,31946,2.85591,-43.1778,5.39547,-42.3133,5.37077,-42.4945,1.25566,-72.6809,19.9799,36.7615,62.1843,0.0201861,0.993417,0.11231,0.010052,299.521,256.115,23.9341,27.555,-0.231476
45,8,32096,2.95748,-42.7616,3.68275,-41.9098,3.60946,-42.0896,-8.56137,-71.9448,20.1246,36.7764,62.1586,0.0186529,0.993549,0.110522,0.0172598,304.759,255.768,24.1629,27.2644,-0.273448
46,0,32116,2.86522,-42.6836,3.68275,-41.9098,3.60946,-42.0896,-8.56137,-71.9448,20.1416,36.7702,62.1518,0.0179846,0.993604,0.110187,0.016939,304.759,255.768,24.1629,27.2644,-0.273448
47,0,32136,2.65242,-42.5688,3.68275,-41.9098,3.60946,-42.0896,-8.56137,-71.9448,20.1652,36.7547,62.163,0.0176309,0.993661,0.109737,0.0168611,304.759,255.768,24.1629,27.2644,-0.273448
48,0,32147,5.70698,-41.9036,3.73115,-41.8092,3.60946,-42.0896,-8.21623,-71.3924,20.7107,36.6641,62.2329,0.0129533,0.993753,0.107316,0.027767,304.617,255.55,24.3602,27.7515,-0.323769
49,8,32566,0.888325,-41.9876,5.20563,-47.6812,3.65945,-41.9867,-3.10242,-100.29,20.725,36.6617,62.2347,0.00827385,0.993698,0.10488,0.0386688,368.787,253.674,39.4739,55.0253,-0.702313
50,0,32586,0.408657,-41.1443,5.20563,-47.6812,3.65945,-41.9867,-3.10242,-100.29,20.7657,36.6643,62.2932,0.00730359,0.994191,0.101251,0.0357782,368.787,253.674,39.4739,55.0253,-0.702313
51,0,32616,0.783604,-41.4807,5.20563,-47.6812,3.65945,-41.9867,-3.10242,-100.29,20.8171,36.658,62.3042,0.00649406,0.993869,0.102491,0.0409634,368.787,253.674,39.4739,55.0253,-0.702313
52,8,32696,1.2463,-41.6378,4.42615,-41.9635,4.37424,-42.1415,-4.22691,-71.6429,20.9275,36.6214,62.3781,0.00354736,0.993478,0.103097,0.0485733,302.486,255.703,23.9835,28.2611,-0.293743
53,0,32716,1.25292,-41.4235,4.42615,-41.9635,4.37424,-42.1415,-4.22691,-71.6429,20.962,36.6168,62.4051,0.0027417,0.993585,0.102198,0.0483423,302.486,255.703,23.9835,28.2611,-0.293743
54,0,32737,1.14524,-41.2829,4.42615,-41.9635,4.37424,-42.1415,-4.22691,-71.6429,20.9844,36.6148,62.3199,0.00228651,0.993621,0.101507,0.0490657,302.486,255.703,23.9835,28.2611,-0.293743
55,8,33627,-9.26322,-37.9873,-3.21333,-38.3699,-3.47279,-38.4934,-46.9315,-59.1833,21.513,36.512,62.6106,-0.000761326,0.992857,0.0955886,0.0713997,324.77,251.394,28.0207,28.7135,0.182887
56,8,33647,-9.40436,-38.3309,-3.21333,-38.3699,-3.47279,-38.4934,-46.9315,-59.1833,21.5307,36.5078,62.6163,-0.0011991,0.992777,0.0970589,0.0705069,324.77,251.394,28.0207,28.7135,0.182887
57,8,33827,-10.6312,-36.2142,-2.35516,-38.9059,-2.59285,-39.0392,-42.2143,-61.2599,21.6869,36.5076,62.8022,-0.00179664,0.993285,0.0888221,0.0741151,322.344,252.198,26.5014,28.9725,0.214533
58,8,33847,-11.0032,-36.7267,-2.35516,-38.9059,-2.59285,-39.0392,-42.2143,-61.2599,21.6932,36.5052,62.7969,-0.00210494,0.993218,0.091043,0.0722882,322.344,252.198,26.5014,28.9725,0.214533
59,5,34289,-12.6566,-38.15,-3.53422,-37.5877,-3.80265,-37.6946,-48.3439,-55.4303,21.4044,36.5411,62.452,0.00757507,0.993469,0.0977736,0.0583383,325.459,249.97,28.2066,30.1089,0.73168
60,5,34321,-11.9927,-37.7999,-3.53788,-37.41,-3.80668,-37.5129,-48.258,-54.5243,21.4072,36.5352,62.5078,0.00794487,0.993681,0.0961919,0.0572928,325.487,249.533,28.7107,30.3465,0.816393
61,8,34318,-12.0877,-38.4545,-3.53788,-37.41,-3.80668,-37.5129,-48.258,-54.5243,21.3939,36.5484,62.4225,0.00807415,0.993317,0.0990283,0.0587268,325.487,249.533,28.7107,30.3465,0.816393
62,0,34348,-12.0921,-37.7424,-3.53788,-37.41,-3.80668,-37.5129,-48.258,-54.5243,21.3675,36.5561,62.4725,0.00881375,0.993743,0.0958651,0.0566357,325.487,249.533,28.7107,30.3465,0.816393
63,5,34364,-12.0786,-37.7274,-3.62099,-37.3673,-3.89185,-37.4695,-48.7204,-54.3704,21.3596,36.5601,62.4745,0.00931947,0.993837,0.0957577,0.05507,325.732,249.496,28.499,30.0189,0.799032
64,5,34423,-10.3286,-38.179,-4.8737,-38.1075,-5.17157,-38.2287,-56.5262,-59.1285,21.3256,36.5641,62.4486,0.0107482,0.993865,0.0973366,0.0514143,328.928,252.366,25.7477,30.0185,0.146111
65,8,34418,-11.5235,-38.2322,-4.8737,-38.1075,-5.17157,-38.2287,-56.5262,-59.1285,21.3113,36.5625,62.4938,0.0103952,0.993877,0.0977804,0.0503917,328.928,252.366,25.7477,30.0185,0.146111
66,7,34454,-10.6849,-38.7259,-4.82632,-37.6551,-5.12419,-37.7665,-55.9746,-56.7776,21.2866,36.5636,62.4337,0.0113385,0.993692,0.0998178,0.0498507,328.8,251.223,27.8821,30.3011,0.391988
67,8,34448,-10.8233,-38.5433,-4.82632,-37.6551,-5.12419,-37.7665,-55.9746,-56.7776,21.281,36.5633,62.3978,0.0116711,0.993793,0.0990223,0.0493241,328.8,251.223,27.8821,30.3011,0.391988
68,0,34478,-10.686,-39.1902,-4.82632,-37.6551,-5.12419,-37.7665,-55.9746,-56.7776,21.2496,36.5654,62.3435,0.0122817,0.993501,0.101855,0.0493093,328.8,251.223,27.8821,30.3011,0.391988
69,8,34528,-7.91037,-38.68,-4.22933,-37.4722,-4.5142,-37.5782,-52.3572,-55.3784,21.1987,36.5564,62.3288,0.0135855,0.993822,0.0991226,0.0480454,327.249,250.469,27.1084,31.0198,0.498064
70,0,34548,-8.42702,-39.0145,-4.22933,-37.4722,-4.5142,-37.5782,-52.3572,-55.3784,21.1817,36.5588,62.3196,0.0136903,0.993868,0.100487,0.0440564,327.249,250.469,27.1084,31.0198,0.498064
71,7,34570,-6.72572,-39.0032,-3.73197,-38.0871,-4.00419,-38.2056,-49.8072,-58.1389,21.1722,36.5563,62.3419,0.0138185,0.993965,0.10005,0.0428022,326.072,251.511,27.2766,31.196,0.201646
72,5,34639,-1.84765,-38.5952,30.5144,-38.2949,30.9925,-38.2725,151.236,-32.6416,21.1376,36.5543,62.3881,0.0148505,0.994226,0.0988247,0.0390872,253.047,251.275,48.6924,58.6944,1.25438
73,5,34639,-1.94469,-39.0702,30.5144,-38.2949,30.9925,-38.2725,151.236,-32.6416,21.087,36.5741,62.3196,0.0151378,0.994027,0.100723,0.0391913,253.047,251.275,48.6924,58.6944,1.25438
74,8,34648,-4.0011,-38.4978,30.5144,-38.2949,30.9925,-38.2725,151.236,-32.6416,21.0626,36.5831,62.3311,0.0157542,0.994384,0.098036,0.0366262,253.047,251.275,48.6924,58.6944,1.25438
75,5,34854,1.21614,-40.4634,1.39251,-40.2349,1.25571,-40.3871,-21.0027,-65.1523,20.7657,36.5816,62.2256,0.0220338,0.993807,0.106082,0.0246816,311.508,253.12,25.3937,29.0903,-0.0769484
76,5,34854,0.640942,-40.1809,1.39251,-40.2349,1.25571,-40.3871,-21.0027,-65.1523,20.685,36.5854,62.1801,0.0225266,0.993973,0.104865,0.0226743,311.508,253.12,25.3937,29.0903,-0.0769484
77,0,34871,-0.964328,-40.3049,1.82714,-40.2652,1.25571,-40.3871,-18.468,-64.9705,20.4694,36.623,62.0508,0.0245796,0.993965,0.105288,0.0185272,310.236,252.995,24.6828,28.9478,-0.195845
78,8,34868,-0.499444,-40.0802,1.82714,-40.2652,1.70271,-40.4167,-18.468,-64.9705,20.6538,36.582,62.2381,0.0231866,0.99403,0.104737,0.0199293,310.236,252.995,24.6828,28.9478,-0.195845
79,5,35028,-1.05605,-40.6895,2.66367,-40.1479,2.5637,-40.2939,-13.4832,-63.7215,20.3539,36.6276,62.0393,0.0280286,0.993861,0.10667,0.00877086,307.549,252.136,25.9959,27.663,-0.241168
80,8,35018,-0.890092,-41.1315,2.66367,-40.1479,2.5637,-40.2939,-13.4832,-63.7215,20.3347,36.6257,62.0458,0.0279511,0.993637,0.108612,0.0103503,307.549,252.136,25.9959,27.663,-0.241168
81,0,35049,-0.915065,-40.948,2.66367,-40.1479,2.5637,-40.2939,-13.4832,-63.7215,20.2658,36.618,62.0586,0.0287654,0.993743,0.10776,0.00590719,307.549,252.136,25.9959,27.663,-0.241168
82,0,35071,-2.07383,-40.9584,3.12277,-40.3967,2.5637,-40.2939,-10.9366,-64.6382,20.0554,36.5983,61.9667,0.0308249,0.993674,0.107994,-4.19243e-06,306.129,252.592,25.7263,28.1636,-0.191793
83,8,35068,-1.07348,-40.2606,3.12277,-40.3967,3.03593,-40.5464,-10.9366,-64.6382,20.2206,36.6117,62.014,0.0293972,0.994053,0.104772,0.00419069,306.129,252.592,25.7263,28.1636,-0.191793
84,5,35187,-0.420654,-41.4491,3.25206,-40.5543,3.16875,-40.707,-10.2724,-65.3442,19.987,36.5903,61.9693,0.0332877,0.993405,0.10949,-0.00712488,305.741,253.009,25.0944,28.8977,-0.141005
85,8,35178,-0.799088,-41.1479,3.25206,-40.5543,3.16875,-40.707,-10.2724,-65.3442,19.992,36.5941,61.9336,0.0330724,0.993553,0.108258,-0.00616146,305.741,253.009,25.0944,28.8977,-0.141005
86,0,35198,-1.00187,-41.6927,3.25206,-40.5543,3.16875,-40.707,-10.2724,-65.3442,19.9511,36.5841,62.0097,0.0336922,0.993241,0.110757,-0.00833416,305.741,253.009,25.0944,28.8977,-0.141005
87,5,35221,0.143342,-41.2195,2.69325,-40.6129,2.59346,-40.769,-13.5903,-66.0776,19.9382,36.5852,61.9976,0.0339834,0.993492,0.108354,-0.00885564,307.547,253.172,24.576,26.3642,-0.256231
88,8,35228,-0.763322,-40.6261,2.69325,-40.6129,2.59346,-40.769,-13.5903,-66.0776,19.8959,36.5891,61.958,0.0342743,0.993736,0.10595,-0.00937707,307.547,253.172,24.576,26.3642,-0.256231
89,5,35254,0.933358,-40.779,3.09839,-40.4918,3.01066,-40.6437,-11.1373,-65.1438,19.8717,36.5866,61.9464,0.0348627,0.993698,0.106123,-0.00934464,306.225,252.832,24.6794,27.4818,-0.18009
90,8,35248,-0.545715,-42.0952,3.09839,-40.4918,3.01066,-40.6437,-11.1373,-65.1438,19.8634,36.5773,61.9517,0.034714,0.993004,0.112216,-0.0120905,306.225,252.832,24.6794,27.4818,-0.18009
91,5,35294,1.50211,-41.6826,2.73983,-40.2789,2.6419,-40.4275,-13.115,-64.3328,19.8563,36.5764,61.9479,0.0350419,0.993247,0.109838,-0.0129642,307.32,252.605,24.7395,28.7807,-0.143118
92,5,35294,1.71268,-41.0178,2.73983,-40.2789,2.6419,-40.4275,-13.115,-64.3328,19.8198,36.58,61.9221,0.0354105,0.993574,0.106878,-0.0115751,307.32,252.605,24.7395,28.7807,-0.143118
93,7,35320,2.72437,-40.9129,2.17106,-39.7657,2.05714,-39.905,-16.146,-62.1484,19.8125,36.5775,61.923,0.035845,0.993641,0.106141,-0.0112679,309.05,251.48,24.6235,26.4777,-0.236556
94,7,35320,2.1766,-40.9995,2.17106,-39.7657,2.05714,-39.905,-16.146,-62.1484,19.76,36.5616,61.905,0.0358041,0.993552,0.106723,-0.0135307,309.05,251.48,24.6235,26.4777,-0.236556
95,8,35328,2.14681,-40.8025,2.17106,-39.7657,2.05714,-39.905,-16.146,-62.1484,19.72,36.5476,61.9099,0.0362386,0.993619,0.105987,-0.0132235,309.05,251.48,24.6235,26.4777,-0.236556
96,5,35354,5.78441,-41.8522,2.15857,-39.7565,2.0443,-39.8956,-16.2137,-62.1108,19.7012,36.5377,61.9162,0.0365826,0.993475,0.107033,-0.0145706,309.115,251.538,23.9069,26.7252,-0.252616
97,8,35348,3.87732,-41.4487,2.15857,-39.7565,2.0443,-39.8956,-16.2137,-62.1108,19.6944,36.541,61.874,0.0364227,0.993469,0.107074,-0.0151006,309.115,251.538,23.9069,26.7252,-0.252616
98,0,35368,4.48978,-41.8249,2.15857,-39.7565,2.0443,-39.8956,-16.2137,-62.1108,19.6663,36.5193,61.9279,0.0369265,0.993329,0.108078,-0.0159177,309.115,251.538,23.9069,26.7252,-0.252616
99,5,35388,5.78419,-41.8545,2.41805,-39.6596,2.31155,-39.7955,-14.631,-61.4139,19.6297,36.5102,61.9098,0.037232,0.993411,0.107122,-0.0165621,308.206,251.299,24.2261,28.1253,-0.102761
100,8,35378,4.95931,-41.7466,2.41805,-39.6596,2.31155,-39.7955,-14.631,-61.4139,19.6525,36.5191,61.8857,0.0371005,0.993421,0.106776,-0.018374,308.206,251.299,24.2261,28.1253,-0.102761
101,0,35418,5.84293,-41.653,2.41805,-39.6596,2.31155,-39.7955,-14.631,-61.4139,19.6052,36.5041,61.8978,0.0375375,0.993491,0.106165,-0.0172066,308.206,251.299,24.2261,28.1253,-0.102761
102,5,35430,6.23755,-41.6405,2.49881,-39.9649,2.39426,-40.1074,-14.341,-62.9131,19.5893,36.5032,61.8931,0.0377144,0.993525,0.105655,-0.0179837,308.159,251.798,24.4543,26.8855,-0.492634
103,0,35448,6.54948,-41.6238,2.49881,-39.9649,2.39426,-40.1074,-14.341,-62.9131,19.5788,36.5027,61.89,0.0378912,0.993558,0.105145,-0.0187609,308.159,251.798,24.4543,26.8855,-0.492634
104,8,35448,6.20492,-41.5259,3.11916,-39.9177,3.03309,-40.0567,-10.6684,-62.1905,19.5788,36.5027,61.89,0.0378912,0.993558,0.105145,-0.0187609,306.021,251.651,24.4585,29.1194,-0.128677
105,5,35488,7.26343,-42.0302,3.48022,-39.9953,3.4048,-40.1347,-8.59446,-62.3076,19.5704,36.5039,61.884,0.0374767,0.99347,0.106076,-0.0189721,304.881,251.471,25.0427,27.104,-0.213796
106,5,35488,7.24704,-42.0583,3.48022,-39.9953,3.4048,-40.1347,-8.59446,-62.3076,19.5568,36.5096,61.8484,0.0374122,0.993468,0.10612,-0.0190008,304.881,251.471,25.0427,27.104,-0.213796
107,0,35499,7.02906,-42.2203,3.48022,-39.9953,3.4048,-40.1347,-8.59446,-62.3076,19.5402,36.5083,61.8622,0.0370621,0.993382,0.107008,-0.0191832,304.881,251.471,25.0427,27.104,-0.213796
108,5,35522,7.29088,-42.0819,4.0555,-40.2106,3.9969,-40.3524,-5.34521,-62.9627,19.528,36.5109,61.8869,0.036953,0.993471,0.106273,-0.0188808,303.171,251.809,24.4313,27.5934,-0.376482
109,0,35540,7.79273,-41.939,4.0555,-40.2106,3.9969,-40.3524,-5.34521,-62.9627,19.5125,36.5144,61.9184,0.0368438,0.993559,0.105539,-0.0185784,303.171,251.809,24.4313,27.5934,-0.376482
110,5,35568,7.88599,-42.1524,5.03661,-39.9971,5.00841,-40.1297,0.547001,-61.1094,19.5116,36.5149,61.9155,0.0369767,0.993446,0.106405,-0.0193829,299.791,251.135,25.0994,29.6579,-0.138112
111,8,35569,7.48106,-42.3798,5.03661,-39.9971,5.00841,-40.1297,0.547001,-61.1094,19.485,36.5287,61.8333,0.0371095,0.993332,0.10727,-0.0201875,299.791,251.135,25.0994,29.6579,-0.138112
112,5,35604,7.95952,-42.1304,5.09518,-40.3304,5.06771,-40.4704,0.689684,-62.7695,19.4558,36.52,61.8623,0.0373108,0.993435,0.10614,-0.0207006,299.612,251.649,24.9084,26.7647,0.0676659
113,8,35599,7.50142,-42.3242,5.09518,-40.3304,5.06771,-40.4704,0.689684,-62.7695,19.4592,36.5236,61.8446,0.0369782,0.99333,0.107077,-0.0215232,299.612,251.649,24.9084,26.7647,0.0676659
114,0,35629,8.57243,-41.881,5.09518,-40.3304,5.06771,-40.4704,0.689684,-62.7695,19.4148,36.5078,61.9028,0.0375121,0.993537,0.105011,-0.0212137,299.612,251.649,24.9084,26.7647,0.0676659
115,8,35629,8.06219,-41.8473,6.96515,-40.4523,6.99396,-40.5859,11.6005,-61.9426,19.4148,36.5078,61.9028,0.0375121,0.993537,0.105011,-0.0212137,293.633,251.573,24.939,28.2304,0.00318444
116,7,35670,9.08218,-42.0304,7.28701,-40.6,7.32486,-40.7353,13.402,-62.4488,19.3863,36.5025,61.906,0.0379749,0.99342,0.105491,-0.0233605,292.778,251.909,24.9214,29.0868,-0.159789
117,8,35669,8.62515,-41.0702,7.28701,-40.6,7.32486,-40.7353,13.402,-62.4488,19.3559,36.4956,61.9069,0.0376645,0.993795,0.101537,-0.025347,292.778,251.909,24.9214,29.0868,-0.159789
118,4,35689,8.72876,-42.1108,7.43619,-40.4063,7.47941,-40.5364,14.3953,-61.3421,19.3248,36.4911,61.913,0.0384375,0.993299,0.105971,-0.0255072,292.198,251.378,25.372,28.6221,-0.157903
119,5,35710,10.9133,-42.0761,7.57112,-40.2358,7.61921,-40.3612,15.2909,-60.3653,19.3118,36.4904,61.9058,0.0387641,0.993361,0.105157,-0.0259539,291.674,250.897,25.7797,28.2015,-0.156197
120,7,35737,12.2496,-42.0362,7.74377,-40.6476,7.79507,-40.7815,16.0563,-62.3382,19.3073,36.4901,61.9169,0.0390719,0.993386,0.104578,-0.0268697,291.402,251.896,23.9545,28.1011,-0.238092
121,7,35737,12.0608,-41.8447,7.74377,-40.6476,7.79507,-40.7815,16.0563,-62.3382,19.2636,36.4877,61.9064,0.0393984,0.993446,0.103765,-0.0273164,291.402,251.896,23.9545,28.1011,-0.238092
122,0,35749,12.0201,-41.7076,7.74377,-40.6476,7.79507,-40.7815,16.0563,-62.3382,19.2371,36.486,61.9324,0.0397061,0.993468,0.103185,-0.0282322,291.402,251.896,23.9545,28.1011,-0.238092
123,0,35769,12.0771,-42.2669,7.74377,-40.6476,7.79507,-40.7815,16.0563,-62.3382,19.2198,36.49,61.9008,0.0402908,0.993118,0.10544,-0.0312464,291.402,251.896,23.9545,28.1011,-0.238092
124,8,35769,12.815,-42.3158,8.14192,-40.5188,8.20572,-40.6475,18.4729,-61.3701,19.2198,36.49,61.9008,0.0402908,0.993118,0.10544,-0.0312464,289.978,251.584,24.9503,29.1068,-0.0571203
125,8,35779,12.5482,-42.6515,8.14192,-40.5188,8.20572,-40.6475,18.4729,-61.3701,19.2073,36.4893,61.9148,0.0407734,0.992906,0.106919,-0.0322961,289.978,251.584,24.9503,29.1068,-0.0571203
126,7,35804,13.6769,-42.5289,8.33524,-40.3581,8.40561,-40.4822,19.7056,-60.3983,19.1862,36.4889,61.8995,0.0416397,0.992995,0.10591,-0.0317767,289.34,251.213,24.8702,29.331,-0.134695
127,8,35799,13.8088,-41.7712,8.33524,-40.3581,8.40561,-40.4822,19.7056,-60.3983,19.1853,36.4893,61.9168,0.0414956,0.993369,0.102629,-0.0310326,289.34,251.213,24.8702,29.331,-0.134695
128,0,35829,14.2398,-42.3711,8.33524,-40.3581,8.40561,-40.4822,19.7056,-60.3983,19.1651,36.4884,61.8843,0.0425059,0.993082,0.104902,-0.0312572,289.34,251.213,24.8702,29.331,-0.134695
129,5,35849,13.9692,-42.1828,8.28781,-40.461,8.35625,-40.5877,19.3648,-60.9615,19.1557,36.4886,61.8916,0.0430699,0.993075,0.104095,-0.0333228,289.536,251.463,23.9508,28.9487,-0.120835
130,8,35849,13.8967,-42.1777,8.28781,-40.461,8.35625,-40.5877,19.3648,-60.9615,19.1557,36.4886,61.8916,0.0430699,0.993075,0.104095,-0.0333228,289.536,251.463,23.9508,28.9487,-0.120835
131,0,35869,13.9838,-41.8949,8.28781,-40.461,8.35625,-40.5877,19.3648,-60.9615,19.1477,36.4788,61.9484,0.0435638,0.993162,0.102908,-0.0337767,289.536,251.463,23.9508,28.9487,-0.120835
132,0,35879,14.6997,-41.7898,8.28781,-40.461,8.35625,-40.5877,19.3648,-60.9615,19.1441,36.4727,61.9446,0.0438352,0.993299,0.102212,-0.0314298,289.536,251.463,23.9508,28.9487,-0.120835
133,8,35879,14.7648,-41.7946,8.04343,-40.4377,8.1047,-40.5652,17.9433,-61.032,19.1441,36.4727,61.9446,0.0438352,0.993299,0.102212,-0.0314298,290.357,251.567,22.7312,30.5354,-0.195364
134,0,35899,14.3765,-42.2358,8.04343,-40.4377,8.1047,-40.5652,17.9433,-61.032,19.1362,36.4666,61.9058,0.0442697,0.993013,0.104184,-0.0333432,290.357,251.567,22.7312,30.5354,-0.195364
135,7,35920,14.3725,-42.2411,8.25433,-40.0175,8.32403,-40.134,19.4361,-58.7182,19.124,36.4604,61.895,0.0444651,0.992955,0.104217,-0.0346798,289.536,250.517,23.5656,29.9478,-0.29606
136,8,35919,14.7547,-42.4796,8.25433,-40.0175,8.32403,-40.134,19.4361,-58.7182,19.1294,36.459,61.9394,0.0445058,0.992914,0.105175,-0.032843,289.536,250.517,23.5656,29.9478,-0.29606
137,0,35949,14.2013,-42.2364,8.25433,-40.0175,8.32403,-40.134,19.4361,-58.7182,19.1152,36.456,61.8872,0.0446605,0.992895,0.104249,-0.0360163,289.536,250.517,23.5656,29.9478,-0.29606
138,5,35987,14.5447,-42.3687,9.50088,-39.812,9.6086,-39.9166,26.8827,-56.7002,19.0677,36.4466,61.898,0.0457497,0.99274,0.104619,-0.0378135,285.501,249.82,24.5008,28.3757,-0.2246
139,8,35979,14.081,-42.3179,9.50088,-39.812,9.6086,-39.9166,26.8827,-56.7002,19.0948,36.4547,61.839,0.0451949,0.992728,0.104516,-0.0390463,285.501,249.82,24.5008,28.3757,-0.2246
140,0,36019,14.7235,-42.6785,9.50088,-39.812,9.6086,-39.9166,26.8827,-56.7002,19.0489,36.4449,61.9152,0.0464903,0.992619,0.105798,-0.0367807,285.501,249.82,24.5008,28.3757,-0.2246
141,8,36019,15.0304,-42.7019,10.3153,-39.4206,10.4489,-39.5112,31.9031,-54.0664,19.0489,36.4449,61.9152,0.0464903,0.992619,0.105798,-0.0367807,283.104,248.944,23.8948,29.5514,-0.588959
142,0,36049,14.8036,-42.45,10.3153,-39.4206,10.4489,-39.5112,31.9031,-54.0664,19.0082,36.4453,61.9014,0.0475114,0.992587,0.104598,-0.0396725,283.104,248.944,23.8948,29.5514,-0.588959
143,8,36049,15.0176,-42.4664,10.6278,-39.7891,10.7681,-39.8867,33.5163,-55.7093,19.0082,36.4453,61.9014,0.0475114,0.992587,0.104598,-0.0396725,282.575,249.795,23.9467,31.5447,-0.713644
144,0,36069,14.3423,-41.4324,10.6278,-39.7891,10.7681,-39.8867,33.5163,-55.7093,18.9817,36.4556,61.8638,0.0474511,0.992911,0.100231,-0.0427791,282.575,249.795,23.9467,31.5447,-0.713644
145,0,36079,15.3549,-42.1231,10.6278,-39.7891,10.7681,-39.8867,33.5163,-55.7093,18.9679,36.4502,61.9169,0.0477879,0.99273,0.102929,-0.0401097,282.575,249.795,23.9467,31.5447,-0.713644
146,8,36369,19.9882,-40.7174,10.85,-39.5512,10.998,-39.6418,34.9654,-54.3199,18.485,36.3012,61.8659,0.0577677,0.992459,0.0940949,-0.0532379,281.741,249.346,23.9292,31.8427,-0.623143
147,8,36379,19.9043,-41.0467,10.85,-39.5512,10.998,-39.6418,34.9654,-54.3199,18.4822,36.3004,61.8583,0.0577619,0.992292,0.0955867,-0.0537026,281.741,249.346,23.9292,31.8427,-0.623143
148,0,36471,18.7508,-40.9633,20.1556,-39.0989,10.998,-39.6418,89.9013,-44.7889,18.4541,36.2229,61.8724,0.0643046,0.991473,0.0947618,-0.0621821,261.253,250.066,5.71821,18.0385,-1.39184
149,8,36469,20.4563,-41.6002,20.1556,-39.0989,20.5136,-39.1281,89.9013,-44.7889,18.4582,36.3063,61.844,0.0579073,0.992009,0.0977192,-0.0549094,261.253,250.066,5.71821,18.0385,-1.39184
150,5,36871,19.4637,-39.9962,19.1128,-40.6747,19.4432,-40.742,82.8233,-53.6592,18.4752,36.2154,61.8417,0.0710703,0.99093,0.0905113,-0.0693874,263.706,252.368,8.1082,16.0334,-1.50531
151,8,36870,19.6619,-40.5614,19.1128,-40.6747,19.4432,-40.742,82.8233,-53.6592,18.47,36.2223,61.8051,0.0712832,0.990773,0.0927755,-0.0684186,263.706,252.368,8.1082,16.0334,-1.50531
152,0,36899,19.66,-39.8196,19.1128,-40.6747,19.4432,-40.742,82.8233,-53.6592,18.4923,36.2136,61.8157,0.0711124,0.991067,0.0895961,-0.0685707,263.706,252.368,8.1082,16.0334,-1.50531
153,5,36913,19.9456,-39.7484,19.6748,-40.4675,20.0163,-40.5275,86.2498,-52.1632,18.4965,36.2132,61.8228,0.0711257,0.991201,0.0891381,-0.0672001,262.693,252.18,7.92305,16.241,-1.42053
154,8,36920,20.23,-39.6749,19.6748,-40.4675,20.0163,-40.5275,86.2498,-52.1632,18.505,36.2123,61.837,0.071139,0.991333,0.0886799,-0.0658293,262.693,252.18,7.92305,16.241,-1.42053
155,0,36954,23.5738,-40.3572,19.2046,-41.3909,20.0163,-40.5275,82.9302,-57.252,18.8549,36.2144,61.7103,0.0632301,0.992163,0.0922655,-0.0556976,263.935,253.574,9.24184,13.636,1.43467
156,8,36950,20.4205,-40.1264,19.2046,-41.3909,19.5319,-41.4724,82.9302,-57.252,18.5311,36.2162,61.7996,0.07053,0.991206,0.0906944,-0.0656633,263.935,253.574,9.24184,13.636,1.43467
157,5,37244,24.8826,-40.2374,12.4485,-38.3046,12.6479,-38.3559,45.1081,-46.7025,18.9081,36.2165,61.711,0.0537097,0.993068,0.095217,-0.0431908,276.648,246.911,23.6465,33.1709,-0.634645
158,8,37250,25.6815,-40.0734,12.4485,-38.3046,12.6479,-38.3559,45.1081,-46.7025,18.9421,36.2241,61.7787,0.052109,0.993312,0.0945986,-0.0408253,276.648,246.911,23.6465,33.1709,-0.634645
159,0,37270,28.8264,-40.3902,14.5294,-39.0218,12.6479,-38.3559,56.8983,-48.7578,19.2423,36.2464,61.615,0.043296,0.993955,0.0967566,-0.0285706,271.798,248.728,22.838,29.5248,-0.558043
160,5,37723,19.3575,-39.4113,13.9809,-38.5625,14.2176,-38.6115,53.954,-46.8333,19.3071,36.2444,61.6295,0.0322562,0.994596,0.0976105,-0.0144977,272.87,247.757,24.1674,31.8136,-0.57276
161,8,37720,20.2544,-38.876,13.9809,-38.5625,14.2176,-38.6115,53.954,-46.8333,19.3296,36.2301,61.7352,0.0320518,0.994863,0.0952429,-0.0122271,272.87,247.757,24.1674,31.8136,-0.57276
162,0,37754,22.3147,-38.782,13.7891,-39.7152,14.2176,-38.6115,52.1307,-52.8793,19.872,36.2675,61.834,0.0238222,0.995141,0.0955351,-0.000450023,274.006,250.057,21.7748,31.114,-0.53467
163,8,37750,19.3393,-39.0137,13.7891,-39.7152,14.0135,-39.7922,52.1307,-52.8793,19.3869,36.2394,61.6651,0.0300391,0.994815,0.096328,-0.012686,274.006,250.057,21.7748,31.114,-0.53467
164,5,37997,12.3242,-38.1808,10.7137,-36.9446,10.8736,-36.9711,35.7391,-41.0903,19.989,36.2696,61.8899,0.0146233,0.995204,0.0959495,0.0122404,280.841,243.762,24.6428,37.3064,-0.6663
165,0,38010,11.7489,-38.1521,10.7137,-36.9446,10.8736,-36.9711,35.7391,-41.0903,20.0354,36.2649,61.9436,0.013659,0.995192,0.0960911,0.0131537,280.841,243.762,24.6428,37.3064,-0.6663
166,5,38021,11.3213,-38.2086,10.2656,-36.7512,10.4136,-36.775,33.2236,-40.4484,20.1078,36.2754,61.9034,0.0126009,0.995135,0.09635,0.0162324,282.265,243.143,24.8665,38.7185,-0.832954
167,0,38053,12.1056,-38.1368,10.8679,-38.5172,10.4136,-36.775,35.6949,-49.0161,20.282,36.2804,61.9371,0.010664,0.99504,0.0960326,0.0236502,281.109,247.16,23.4372,33.4472,-0.605901
168,8,38050,10.9191,-38.249,10.8679,-38.5172,11.0227,-38.5827,35.6949,-49.0161,20.1352,36.2794,61.8881,0.0115426,0.995068,0.0966079,0.0193108,281.109,247.16,23.4372,33.4472,-0.605901
169,7,38170,10.5314,-37.5665,10.4257,-39.0453,10.5647,-39.1263,32.7786,-52.0609,20.4781,36.2863,61.9507,0.00636348,0.994931,0.0939501,0.035279,282.485,248.258,23.6862,30.9195,-0.41904
170,8,38161,9.66087,-37.551,10.4257,-39.0453,10.5647,-39.1263,32.7786,-52.0609,20.4217,36.2912,61.9547,0.00695322,0.995049,0.093937,0.0316886,282.485,248.258,23.6862,30.9195,-0.41904
171,0,38203,13.1956,-36.8973,10.4728,-38.8577,10.5647,-39.1263,33.1684,-51.0646,21.1056,36.2507,62.2116,-0.000231826,0.9946,0.0915426,0.0489043,282.068,247.861,24.7471,30.8622,-0.214961
172,8,38200,9.37083,-37.0612,10.4728,-38.8577,10.6143,-38.9338,33.1684,-51.0646,20.5359,36.2857,61.9617,0.00505919,0.995086,0.0919369,0.0364138,282.068,247.861,24.7471,30.8622,-0.214961
173,8,38401,3.40497,-36.1027,14.5388,-40.0694,14.7789,-40.1501,56.321,-54.1099,21.2507,36.2421,62.266,-0.0074168,0.993798,0.0891158,0.0661026,272.307,250.283,9.62053,15.8294,-1.43218
174,8,38411,4.01322,-35.5115,14.5388,-40.0694,14.7789,-40.1501,56.321,-54.1099,21.2901,36.2431,62.3005,-0.00805979,0.993859,0.0864497,0.0686034,272.307,250.283,9.62053,15.8294,-1.43218
175,0,38431,4.15176,-35.5686,14.5388,-40.0694,14.7789,-40.1501,56.321,-54.1099,21.3689,36.2432,62.3251,-0.00938845,0.993505,0.0867175,0.0730788,272.307,250.283,9.62053,15.8294,-1.43218
176,5,38447,3.66002,-35.0868,14.8208,-38.9053,15.0753,-38.9577,58.6807,-47.936,21.4219,36.2434,62.3613,-0.010334,0.993623,0.0845802,0.0738464,270.937,248.061,8.32796,15.8113,-1.40179
177,0,38461,3.17163,-34.6074,14.8208,-38.9053,15.0753,-38.9577,58.6807,-47.936,21.4823,36.2437,62.4027,-0.0112795,0.993735,0.0824424,0.0746136,270.937,248.061,8.32796,15.8113,-1.40179
178,5,38537,3.21498,-34.96,9.0369,-39.3122,9.13374,-39.4076,24.4591,-54.5031,21.6947,36.2348,62.5483,-0.0153732,0.992613,0.0841532,0.0860329,286.71,248.767,25.1428,29.7212,-0.328239
179,0,38551,4.39226,-35.1518,9.0369,-39.3122,9.13374,-39.4076,24.4591,-54.5031,21.7667,36.238,62.5522,-0.0165631,0.992229,0.0849111,0.0894245,286.71,248.767,25.1428,29.7212,-0.328239
180,5,38579,3.58134,-34.5249,5.92478,-39.0562,5.92739,-39.1623,6.33268,-55.6072,21.7722,36.2378,62.5555,-0.016883,0.992372,0.082279,0.090234,296.461,248.698,24.7693,29.8355,-0.0956084
181,8,38581,4.0414,-33.9753,5.92478,-39.0562,5.92739,-39.1623,6.33268,-55.6072,21.85,36.2354,62.602,-0.0172029,0.992508,0.0796463,0.0910428,296.461,248.698,24.7693,29.8355,-0.0956084
182,5,38606,3.42775,-34.3631,4.98888,-38.8556,4.96294,-38.9615,0.956235,-55.307,21.8889,36.2338,62.6337,-0.0180095,0.991916,0.0821563,0.0950214,299.456,248.563,25.6245,31.3447,-0.0269842
183,0,38621,3.91955,-34.8896,4.98888,-38.8556,4.96294,-38.9615,0.956235,-55.307,21.9538,36.2312,62.6866,-0.0188157,0.991301,0.0846643,0.0989977,299.456,248.563,25.6245,31.3447,-0.0269842
184,7,38637,4.28949,-34.9025,4.76351,-39.1669,4.72953,-39.2813,-0.555675,-57.0741,21.9931,36.2327,62.7036,-0.0199787,0.991139,0.0846433,0.100403,300.393,249.394,24.4335,31.0538,-0.113516
185,0,38652,4.65127,-34.9,4.76351,-39.1669,4.72953,-39.2813,-0.555675,-57.0741,22.035,36.2344,62.7216,-0.0211417,0.990973,0.0846221,0.101807,300.393,249.394,24.4335,31.0538,-0.113516
186,5,38671,3.89687,-34.2082,4.79752,-39.1186,4.76474,-39.2317,-0.326715,-56.8006,22.0816,36.2327,62.7894,-0.0219618,0.991038,0.0822228,0.102962,300.173,249.244,24.2791,30.5557,-0.00240526
187,0,38691,3.95155,-33.6756,4.79752,-39.1186,4.76474,-39.2317,-0.326715,-56.8006,22.1258,36.2311,62.8538,-0.0227817,0.991095,0.0798228,0.104116,300.173,249.244,24.2791,30.5557,-0.00240526
188,0,38711,4.32383,-33.8843,4.79752,-39.1186,4.76474,-39.2317,-0.326715,-56.8006,22.1653,36.2358,62.8511,-0.0229635,0.99068,0.0807527,0.107263,300.173,249.244,24.2791,30.5557,-0.00240526
189,5,38732,4.7745,-33.8897,4.80856,-39.6756,4.77438,-39.8018,-0.598332,-59.6415,22.1949,36.2357,62.8453,-0.0235044,0.990307,0.0807571,0.110537,300.513,250.592,23.5719,31.1519,-0.221128
190,8,38731,4.91461,-33.527,4.80856,-39.6756,4.77438,-39.8018,-0.598332,-59.6415,22.1995,36.2314,62.8704,-0.0232599,0.990408,0.0791858,0.110822,300.513,250.592,23.5719,31.1519,-0.221128
191,5,38754,4.26246,-33.6074,5.20199,-39.507,5.18048,-39.6274,1.81455,-58.4741,22.2335,36.2316,62.8578,-0.0236603,0.990214,0.0795293,0.112214,298.905,249.967,25.1349,30.1069,0.0923703
192,8,38751,4.82297,-33.894,5.20199,-39.507,5.18048,-39.6274,1.81455,-58.4741,22.2277,36.2357,62.8389,-0.024045,0.989923,0.0807605,0.113809,298.905,249.967,25.1349,30.1069,0.0923703
193,5,38787,3.68569,-33.5239,5.41464,-39.2391,5.40066,-39.3521,3.22554,-56.9384,22.2538,36.2235,62.9028,-0.0238543,0.99011,0.0792631,0.113269,298.19,249.382,25.0426,31.5777,-0.0393731
194,8,38781,4.2845,-33.6897,5.41464,-39.2391,5.40066,-39.3521,3.22554,-56.9384,22.2624,36.2317,62.8471,-0.0240606,0.990018,0.0798726,0.113605,298.19,249.382,25.0426,31.5777,-0.0393731
195,0,38811,3.42767,-33.1404,5.41464,-39.2391,5.40066,-39.3521,3.22554,-56.9384,22.293,36.2051,62.9986,-0.0236635,0.990295,0.0777655,0.112729,298.19,249.382,25.0426,31.5777,-0.0393731
196,5,39049,-0.827043,-33.5345,7.36811,-38.4286,7.41861,-38.5116,15.1902,-51.2772,22.343,36.2118,62.9486,-0.0205907,0.989914,0.0800184,0.115079,291.433,246.67,9.38274,23.2776,-0.200112
197,0,39071,-1.80616,-33.4431,6.43552,-41.0135,7.41861,-38.5116,8.15032,-65.2247,22.354,36.2007,63.0291,-0.0197495,0.990255,0.0798624,0.112371,295.962,252.949,27.0276,30.8582,-0.607044
198,8,39061,-1.0736,-33.805,6.43552,-41.0135,6.44606,-41.1624,8.15032,-65.2247,22.3474,36.2132,62.9218,-0.0206317,0.989815,0.0812265,0.115078,295.962,252.949,27.0276,30.8582,-0.607044
199,8,39261,-2.78637,-33.6864,4.13287,-39.8132,4.07762,-39.9456,-4.6506,-60.8695,22.3569,36.1985,63.0423,-0.018949,0.990489,0.0809139,0.109662,302.665,251.063,26.7369,31.2297,-0.0905705
200,0,39281,-2.47899,-33.2943,4.13287,-39.8132,4.07762,-39.9456,-4.6506,-60.8695,22.3417,36.2117,62.9516,-0.0179662,0.990549,0.0788318,0.110793,302.665,251.063,26.7369,31.2297,-0.0905705
201,0,39301,-2.54976,-33.291,4.13287,-39.8132,4.07762,-39.9456,-4.6506,-60.8695,22.3246,36.2236,62.8506,-0.0170019,0.990438,0.079027,0.111796,302.665,251.063,26.7369,31.2297,-0.0905705
202,8,39301,-2.29704,-33.3715,3.92646,-40.1786,3.86405,-40.3203,-6.08388,-62.8994,22.3246,36.2236,62.8506,-0.0170019,0.990438,0.079027,0.111796,303.362,251.815,26.048,28.7775,0.0465896
203,8,39311,-2.65634,-33.8185,3.92646,-40.1786,3.86405,-40.3203,-6.08388,-62.8994,22.3112,36.2224,62.8467,-0.016942,0.990455,0.0810684,0.110179,303.362,251.815,26.048,28.7775,0.0465896
204,7,39336,-2.67028,-33.8046,4.10915,-40.1327,4.05236,-40.2726,-4.98302,-62.5227,22.2806,36.2255,62.8261,-0.0161481,0.990845,0.0809683,0.10682,303.008,251.912,25.9673,32.4593,-0.27715
205,0,39351,-3.43396,-33.785,4.10915,-40.1327,4.05236,-40.2726,-4.98302,-62.5227,22.2296,36.2306,62.7918,-0.0153541,0.991222,0.0808672,0.10346,303.008,251.912,25.9673,32.4593,-0.27715
206,5,39363,-3.4574,-33.7826,3.45465,-39.1727,3.38025,-39.2931,-8.24763,-58.1187,22.1772,36.2282,62.8009,-0.0146199,0.991468,0.0809176,0.101144,304.556,249.995,25.3796,33.0106,0.0952533
207,8,39361,-3.57545,-34.0362,3.45465,-39.1727,3.38025,-39.2931,-8.24763,-58.1187,22.2019,36.2381,62.7447,-0.0152722,0.991387,0.0818537,0.101086,304.556,249.995,25.3796,33.0106,0.0952533
208,0,39381,-3.64971,-33.7794,3.45465,-39.1727,3.38025,-39.2931,-8.24763,-58.1187,22.1424,36.2266,62.807,-0.0138856,0.991708,0.0809676,0.0988271,304.556,249.995,25.3796,33.0106,0.0952533
209,8,39431,-3.73262,-34.0183,2.4002,-39.2429,2.29378,-39.3693,-14.4841,-59.2957,21.9702,36.2432,62.692,-0.0105754,0.992532,0.0819813,0.0897061,308.136,250.488,26.1762,31.2995,-0.0194032
210,0,39451,-5.21955,-34.9832,2.4002,-39.2429,2.29378,-39.3693,-14.4841,-59.2957,21.8947,36.251,62.6647,-0.0094948,0.992747,0.0863486,0.08311,308.136,250.488,26.1762,31.2995,-0.0194032
211,0,39461,-4.21219,-35.329,2.4002,-39.2429,2.29378,-39.3693,-14.4841,-59.2957,21.8524,36.2686,62.515,-0.00860991,0.99241,0.0877401,0.0857316,308.136,250.488,26.1762,31.2995,-0.0194032
212,5,39479,-5.11428,-35.4356,1.56446,-39.138,1.43345,-39.2651,-19.33,-59.4073,21.7736,36.2715,62.5215,-0.00680922,0.992792,0.0883702,0.0806719,310.912,250.461,27.1287,29.9057,-0.2094
213,7,39536,-5.669,-35.8462,0.332168,-38.5009,0.165972,-38.6175,-26.1838,-57.104,21.6215,36.2935,62.4643,-0.00251206,0.993401,0.090265,0.0707074,314.763,249.845,27.2201,32.1387,-0.192774
214,8,39531,-5.56064,-35.9271,0.332168,-38.5009,0.165972,-38.6175,-26.1838,-57.104,21.5986,36.3077,62.3664,-0.00273327,0.993333,0.0903998,0.0714914,314.763,249.845,27.2201,32.1387,-0.192774
215,7,39569,-4.79477,-36.1182,0.504898,-38.8488,0.343509,-38.9728,-25.3793,-58.7494,21.5545,36.3176,62.3416,-0.000580334,0.993606,0.0911372,0.0666404,314.245,250.527,26.7527,31.5053,-0.197049
216,8,39561,-5.08117,-36.1855,0.504898,-38.8488,0.343509,-38.9728,-25.3793,-58.7494,21.4987,36.3211,62.3767,-1.57082e-05,0.993626,0.0915294,0.0658027,314.245,250.527,26.7527,31.5053,-0.197049
217,0,39583,-5.95189,-36.2902,0.504898,-38.8488,0.343509,-38.9728,-25.3793,-58.7494,21.4348,36.3445,62.274,0.00157262,0.993851,0.091872,0.0617874,314.245,250.527,26.7527,31.5053,-0.197049
218,0,39601,-5.31027,-37.2277,0.504898,-38.8488,0.343509,-38.9728,-25.3793,-58.7494,21.3548,36.3544,62.2412,0.0032757,0.993479,0.0960447,0.0613482,314.245,250.527,26.7527,31.5053,-0.197049
219,5,39613,-6.05799,-37.5795,-0.826822,-38.1502,-1.02534,-38.2624,-32.78,-56.2084,21.0385,36.3757,62.1204,0.00702408,0.993857,0.0974799,0.0519211,318.278,249.637,27.431,31.0498,-0.21355
220,8,39612,-4.97225,-37.1622,-0.826822,-38.1502,-1.02534,-38.2624,-32.78,-56.2084,21.3242,36.3477,62.3172,0.00356426,0.993828,0.0956545,0.0560741,318.278,249.637,27.431,31.0498,-0.21355
221,8,39702,-2.04989,-38.0851,-1.41147,-37.9422,-1.62586,-38.0513,-36.0886,-55.5976,20.9959,36.3786,62.1041,0.0107717,0.994131,0.0989049,0.0424885,319.973,249.602,27.4424,31.5923,-0.148251
222,0,39732,-2.21139,-38.3607,-1.41147,-37.9422,-1.62586,-38.0513,-36.0886,-55.5976,20.888,36.3754,62.1016,0.0123787,0.994167,0.100133,0.0381163,319.973,249.602,27.4424,31.5923,-0.148251
223,5,39789,-0.839522,-38.7685,-1.74603,-38.2692,-1.96896,-38.3868,-38.2514,-57.5299,20.7016,36.4014,61.9645,0.0155612,0.994228,0.101255,0.0318852,320.787,250.577,26.7028,31.0893,0.0369391
224,0,39802,-2.06429,-39.5222,-1.74603,-38.2692,-1.96896,-38.3868,-38.2514,-57.5299,20.6501,36.4066,61.9305,0.0162811,0.993931,0.104703,0.0295562,320.787,250.577,26.7028,31.0893,0.0369391
225,5,39854,-1.45748,-38.8461,-0.133077,-39.1881,-0.312313,-39.3219,-29.3319,-60.9804,20.4806,36.4343,61.877,0.0184885,0.99441,0.101233,0.0236371,316.014,251.619,26.5019,30.5487,0.066211
226,8,39852,-1.80738,-38.4,-0.133077,-39.1881,-0.312313,-39.3219,-29.3319,-60.9804,20.5049,36.4265,61.9211,0.0185756,0.994598,0.0994495,0.0232391,316.014,251.619,26.5019,30.5487,0.066211
227,0,39882,-2.56029,-38.6295,-0.133077,-39.1881,-0.312313,-39.3219,-29.3319,-60.9804,20.4223,36.4379,61.8937,0.019153,0.994598,0.100365,0.0182868,316.014,251.619,26.5019,30.5487,0.066211
228,5,40063,-1.90124,-39.4249,1.89178,-39.5929,1.76988,-39.7292,-17.682,-61.4805,19.9434,36.4493,61.8262,0.0268198,0.994296,0.103223,0.00133434,309.851,251.409,26.4746,29.849,-0.0581052
229,7,40087,-1.57523,-39.7589,1.59864,-39.4568,1.46833,-39.5911,-19.3218,-61.0119,19.923,36.4523,61.8286,0.0272321,0.994148,0.104542,-9.38654e-05,310.813,251.303,25.5578,30.0356,-0.126236
230,8,40082,-1.62881,-39.718,1.59864,-39.4568,1.46833,-39.5911,-19.3218,-61.0119,19.911,36.4504,61.8084,0.0273853,0.994162,0.104367,-0.000218731,310.813,251.303,25.5578,30.0356,-0.126236
231,0,40112,-1.67731,-40.3601,1.59864,-39.4568,1.46833,-39.5911,-19.3218,-61.0119,19.8162,36.4591,61.7886,0.0282096,0.993854,0.107003,-0.00307513,310.813,251.303,25.5578,30.0356,-0.126236
232,8,40282,1.88903,-40.2648,1.19254,-39.3153,1.0506,-39.4478,-21.6218,-60.6029,19.3944,36.4659,61.7429,0.0352405,0.993647,0.105011,-0.0198924,312.092,251.06,25.9744,28.9154,-0.182551
233,0,40312,3.28723,-41.0858,1.19254,-39.3153,1.0506,-39.4478,-21.6218,-60.6029,19.3443,36.4369,61.8448,0.0368321,0.993241,0.108481,-0.0186698,312.092,251.06,25.9744,28.9154,-0.182551
234,8,40312,3.86424,-41.1241,1.03387,-39.0709,0.887516,-39.1983,-22.4062,-59.4757,19.3443,36.4369,61.8448,0.0368321,0.993241,0.108481,-0.0186698,312.508,250.552,26.469,28.9695,-0.081889
235,0,40352,4.551,-40.5229,1.03387,-39.0709,0.887516,-39.1983,-22.4062,-59.4757,19.2828,36.4387,61.7623,0.037335,0.99348,0.105477,-0.0218922,312.508,250.552,26.469,28.9695,-0.081889
236,5,40363,4.98122,-40.2925,1.61159,-39.0981,1.482,-39.2241,-19.029,-59.1665,19.2516,36.4334,61.8071,0.0378352,0.993519,0.104365,-0.0244199,310.567,250.447,25.1514,29.5996,0.10677
237,7,40387,6.27124,-40.2914,1.59138,-39.8176,1.46056,-39.96,-19.5824,-62.8633,19.2407,36.438,61.7738,0.0382735,0.993524,0.103865,-0.0256411,310.935,252.012,24.0718,27.6266,-0.253819
238,8,40382,5.97145,-40.1077,1.59138,-39.8176,1.46056,-39.96,-19.5824,-62.8633,19.2335,36.4303,61.8331,0.0383352,0.993551,0.103252,-0.0269473,310.935,252.012,24.0718,27.6266,-0.253819
239,7,40420,6.13843,-40.3532,1.93438,-39.4,1.81395,-39.5317,-17.3153,-60.4607,19.1741,36.436,61.7937,0.0398005,0.993305,0.104009,-0.0307057,309.668,250.896,25.6026,28.7095,-0.0270458
240,8,40412,6.45737,-39.9583,1.93438,-39.4,1.81395,-39.5317,-17.3153,-60.4607,19.1818,36.4369,61.7899,0.0392114,0.993551,0.102251,-0.0293895,309.668,250.896,25.6026,28.7095,-0.0270458
241,0,40452,5.20036,-40.5298,1.93438,-39.4,1.81395,-39.5317,-17.3153,-60.4607,19.1035,36.4428,61.7471,0.0412652,0.993043,0.104763,-0.0344636,309.668,250.896,25.6026,28.7095,-0.0270458
242,8,40452,6.24594,-40.6001,2.52671,-39.5021,2.42367,-39.634,-13.8975,-60.5237,19.1035,36.4428,61.7471,0.0412652,0.993043,0.104763,-0.0344636,307.77,250.857,26.4336,29.3705,-0.00772859
243,0,40482,7.08274,-41.0238,2.52671,-39.5021,2.42367,-39.634,-13.8975,-60.5237,19.0386,36.4239,61.8354,0.0433013,0.992851,0.106428,-0.0323245,307.77,250.857,26.4336,29.3705,-0.00772859
244,5,40497,7.05592,-40.8328,2.82284,-39.4256,2.72878,-39.5546,-12.1118,-59.9029,19.0291,36.4262,61.8207,0.0437666,0.99286,0.105497,-0.0343973,306.821,250.634,26.1141,30.1546,-0.051005
245,8,40502,6.46033,-40.6168,2.82284,-39.4256,2.72878,-39.5546,-12.1118,-59.9029,19.0006,36.4332,61.7765,0.0442316,0.992864,0.104565,-0.03647,306.821,250.634,26.1141,30.1546,-0.051005
246,7,40520,6.58449,-40.6004,2.85193,-39.947,2.75784,-40.0877,-12.2559,-62.5476,18.9726,36.4277,61.7943,0.0450383,0.992788,0.104413,-0.0379771,307.018,251.845,24.6377,29.7841,-0.308274
247,0,40532,6.19776,-40.5395,2.85193,-39.947,2.75784,-40.0877,-12.2559,-62.5476,18.9307,36.4194,61.8211,0.0458449,0.992708,0.104262,-0.0394841,307.018,251.845,24.6377,29.7841,-0.308274
248,8,40532,6.35235,-40.5509,4.22797,-38.6097,4.17896,-38.7131,-3.36491,-54.6387,18.9307,36.4194,61.8211,0.0458449,0.992708,0.104262,-0.0394841,302.967,248.274,23.8116,41.2303,-0.840291
249,0,40553,5.50246,-40.1881,4.22797,-38.6097,4.17896,-38.7131,-3.36491,-54.6387,18.8969,36.4117,61.8155,0.046722,0.992621,0.102846,-0.0440792,302.967,248.274,23.8116,41.2303,-0.840291
250,0,40562,5.64491,-39.9366,4.22797,-38.6097,4.17896,-38.7131,-3.36491,-54.6387,18.8783,36.4087,61.8081,0.0475397,0.992737,0.101645,-0.0433782,302.967,248.274,23.8116,41.2303,-0.840291
251,8,40562,5.73188,-39.9432,5.82089,-38.7754,5.82135,-38.8752,5.89203,-54.2514,18.8783,36.4087,61.8081,0.0475397,0.992737,0.101645,-0.0433782,296.573,248.253,26.112,33.3491,0.0380829
252,0,40602,5.20578,-39.846,5.82089,-38.7754,5.82135,-38.8752,5.89203,-54.2514,18.7963,36.3863,61.8468,0.049394,0.99252,0.101367,-0.0467798,296.573,248.253,26.112,33.3491,0.0380829
253,5,40613,5.12384,-39.6807,6.35171,-38.9175,6.36823,-39.018,8.92433,-54.5664,18.7417,36.3739,61.8138,0.0508324,0.992427,0.100543,-0.0489482,294.887,248.432,26.2362,32.9357,0.0196136
254,8,40612,4.94704,-39.3741,6.35171,-38.9175,6.36823,-39.018,8.92433,-54.5664,18.7831,36.3848,61.8197,0.0502714,0.992566,0.0992287,-0.0493974,294.887,248.432,26.2362,32.9357,0.0196136
255,5,40654,6.86907,-39.8922,6.20675,-38.8555,6.21899,-38.9552,8.1103,-54.3617,18.7447,36.376,61.8126,0.0519621,0.9923,0.100689,-0.05002,295.356,248.291,25.7924,32.3243,0.00582605
256,8,40652,5.8117,-39.589,6.20675,-38.8555,6.21899,-38.9552,8.1103,-54.3617,18.7263,36.3704,61.8045,0.0522705,0.992326,0.0997178,-0.0511162,295.356,248.291,25.7924,32.3243,0.00582605
257,5,40687,7.27823,-39.7609,6.70868,-38.7158,6.73723,-38.8095,11.1431,-53.2579,18.6948,36.3591,61.8319,0.0533909,0.992187,0.0999054,-0.0522817,293.603,247.907,26.3942,33.4066,0.0268371
258,8,40682,6.8202,-40.25,6.70868,-38.7158,6.73723,-38.8095,11.1431,-53.2579,18.687,36.3629,61.802,0.0536524,0.992029,0.102149,-0.0506424,293.603,247.907,26.3942,33.4066,0.0268371
259,7,40720,7.13115,-39.9465,6.35198,-38.9572,6.36833,-39.0586,8.90191,-54.7694,18.6522,36.3555,61.7822,0.0545754,0.991967,0.100569,-0.0539383,294.906,248.405,25.7108,30.9778,0.0315633
260,8,40712,7.20393,-39.7964,6.35198,-38.9572,6.36833,-39.0586,8.90191,-54.7694,18.6508,36.3433,61.8704,0.0545111,0.992045,0.100093,-0.0534471,294.906,248.405,25.7108,30.9778,0.0315633
261,5,40776,10.0626,-39.7818,6.4127,-38.8563,6.43138,-38.955,9.31956,-54.2061,18.6448,36.3413,61.8665,0.0553844,0.992089,0.0988241,-0.0540984,294.773,248.161,25.4061,30.9414,-0.115808
262,5,40776,9.61163,-39.6632,6.4127,-38.8563,6.43138,-38.955,9.31956,-54.2061,18.6046,36.3415,61.7717,0.0558776,0.992011,0.0982715,-0.0559915,294.773,248.161,25.4061,30.9414,-0.115808
263,5,40806,11.1412,-39.3072,6.59087,-38.6173,6.61616,-38.7092,10.5105,-52.8453,18.5966,36.3355,61.7816,0.0561032,0.992165,0.0961247,-0.0567505,293.981,247.576,25.2428,31.111,0.00259237
264,5,40806,11.3073,-39.117,6.59087,-38.6173,6.61616,-38.7092,10.5105,-52.8453,18.5684,36.3117,61.8367,0.0564831,0.992283,0.0954084,-0.0555086,293.981,247.576,25.2428,31.111,0.00259237
265,5,40837,12.3509,-39.4471,6.81648,-38.7366,6.84831,-38.8302,11.7637,-53.2807,18.5703,36.315,61.8082,0.0565214,0.992047,0.0963835,-0.0579445,293.329,247.823,25.4709,31.3208,-0.0474025
266,5,40837,12.1321,-38.9255,6.81648,-38.7366,6.84831,-38.8302,11.7637,-53.2807,18.5429,36.2976,61.8003,0.0567466,0.992196,0.0942361,-0.0587032,293.329,247.823,25.4709,31.3208,-0.0474025
267,0,40852,10.9013,-39.052,6.81648,-38.7366,6.84831,-38.8302,11.7637,-53.2807,18.5345,36.2956,61.7498,0.0567846,0.991954,0.0952105,-0.0611387,293.329,247.823,25.4709,31.3208,-0.0474025
268,5,40870,11.8854,-38.9633,6.87204,-38.7664,6.90547,-38.8605,12.0721,-53.3902,18.5273,36.2894,61.768,0.0567835,0.99199,0.0945038,-0.0616544,292.99,247.888,25.0404,31.437,0.159558
269,0,40882,12.1913,-38.8084,6.87204,-38.7664,6.90547,-38.8605,12.0721,-53.3902,18.5164,36.2801,61.7953,0.0567825,0.992025,0.093797,-0.06217,292.99,247.888,25.0404,31.437,0.159558
270,0,40903,12.5033,-39.3184,6.87204,-38.7664,6.90547,-38.8605,12.0721,-53.3902,18.51,36.2749,61.7896,0.057336,0.991786,0.0958734,-0.0623036,292.99,247.888,25.0404,31.437,0.159558
271,8,40903,12.2977,-39.3005,7.19021,-38.7935,7.23343,-38.8865,13.9248,-53.2818,18.51,36.2749,61.7896,0.057336,0.991786,0.0958734,-0.0623036,292.156,247.927,26.214,32.2121,-0.0819511
272,8,40912,12.1073,-38.9721,7.19021,-38.7935,7.23343,-38.8865,13.9248,-53.2818,18.5079,36.2751,61.7846,0.0573503,0.991864,0.0944751,-0.063181,292.156,247.927,26.214,32.2121,-0.0819511
273,5,40937,13.3034,-39.1161,7.3231,-38.83,7.37028,-38.9232,14.6833,-53.3657,18.5048,36.2725,61.7997,0.0575826,0.99192,0.0946477,-0.06181,291.763,247.875,24.6624,29.7579,-0.117546
274,0,40953,14.2445,-39.2352,7.3231,-38.83,7.37028,-38.9232,14.6833,-53.3657,18.5,36.2686,61.8234,0.0578149,0.991975,0.0948201,-0.0604389,291.763,247.875,24.6624,29.7579,-0.117546
275,5,40970,14.8173,-39.2953,7.74536,-38.8704,7.80539,-38.9622,17.1393,-53.2446,18.484,36.273,61.8245,0.0581219,0.992028,0.0947646,-0.0593435,290.39,248.003,25.8865,31.6754,-0.0824774
276,8,40962,14.364,-40.0744,7.74536,-38.8704,7.80539,-38.9622,17.1393,-53.2446,18.4963,36.2737,61.7963,0.0578428,0.99165,0.0984171,-0.059989,290.39,248.003,25.8865,31.6754,-0.0824774
277,0,41003,15.7103,-39.3823,7.74536,-38.8704,7.80539,-38.9622,17.1393,-53.2446,18.4757,36.2752,61.8251,0.0584289,0.99208,0.094709,-0.0582481,290.39,248.003,25.8865,31.6754,-0.0824774
278,8,41003,16.2839,-39.4348,7.81212,-38.8106,7.8745,-38.9007,17.5675,-52.8872,18.4757,36.2752,61.8251,0.0584289,0.99208,0.094709,-0.0582481,290.133,247.832,25.5903,31.1887,-0.0701982
279,8,41013,16.0882,-39.4558,7.81212,-38.8106,7.8745,-38.9007,17.5675,-52.8872,18.4689,36.2739,61.8064,0.0585126,0.992008,0.0948546,-0.0591512,290.133,247.832,25.5903,31.1887,-0.0701982
280,0,41033,15.9211,-39.6712,7.81212,-38.8106,7.8745,-38.9007,17.5675,-52.8872,18.4597,36.2756,61.7879,0.0584078,0.991765,0.0958732,-0.0616317,290.133,247.832,25.5903,31.1887,-0.0701982
281,0,41053,16.5161,-38.8391,7.81212,-38.8106,7.8745,-38.9007,17.5675,-52.8872,18.4485,36.2759,61.8005,0.0587817,0.992064,0.0918591,-0.0625832,290.133,247.832,25.5903,31.1887,-0.0701982
282,8,41083,17.0607,-39.3454,8.88745,-39.0442,8.98132,-39.134,23.7431,-53.2482,18.4346,36.2748,61.7993,0.0591867,0.991746,0.0938202,-0.0642967,287.041,248.139,25.3719,29.6603,-0.365201
283,0,41103,17.5396,-39.6099,8.88745,-39.0442,8.98132,-39.134,23.7431,-53.2482,18.4249,36.2668,61.8367,0.0594747,0.99172,0.0948323,-0.0629297,287.041,248.139,25.3719,29.6603,-0.365201
284,5,41154,18.4423,-39.5816,17.3724,-40.674,17.67,-40.7512,72.6006,-55.0055,18.4142,36.2604,61.8379,0.0597535,0.991698,0.0943275,-0.0637676,266.699,251.952,6.65685,12.8574,1.45148
285,8,41153,18.0541,-39.6924,17.3724,-40.674,17.67,-40.7512,72.6006,-55.0055,18.4139,36.2591,61.8454,0.0597156,0.991643,0.0950062,-0.0636538,266.699,251.952,6.65685,12.8574,1.45148
286,0,41183,18.0546,-39.4835,17.3724,-40.674,17.67,-40.7512,72.6006,-55.0055,18.4035,36.2525,61.8464,0.0598368,0.991717,0.094098,-0.0637423,266.699,251.952,6.65685,12.8574,1.45148
287,5,41298,18.3494,-39.3164,17.649,-39.8319,17.9577,-39.8895,74.7341,-50.4828,18.3788,36.2404,61.8149,0.0601998,0.991501,0.0932314,-0.067899,265.747,250.511,7.25923,16.7341,-1.56532
288,8,41303,18.3298,-39.1881,17.649,-39.8319,17.9577,-39.8895,74.7341,-50.4828,18.3718,36.2378,61.8175,0.060445,0.99152,0.0926299,-0.0682249,265.747,250.511,7.25923,16.7341,-1.56532
289,0,41313,18.4813,-39.0688,17.649,-39.8319,17.9577,-39.8895,74.7341,-50.4828,18.3712,36.2408,61.8167,0.0606572,0.991616,0.0919517,-0.0675577,265.747,250.511,7.25923,16.7341,-1.56532
290,8,41393,18.8685,-39.2187,18.6794,-40.8531,19.0008,-40.9265,80.1699,-54.9079,18.3708,36.2354,61.8115,0.0611967,0.991525,0.0923638,-0.0678383,264.578,252.525,7.18706,20.704,1.56913
291,8,41413,18.9652,-39.4576,18.6794,-40.8531,19.0008,-40.9265,80.1699,-54.9079,18.3698,36.2296,61.8152,0.0613717,0.991451,0.0933917,-0.0673607,264.578,252.525,7.18706,20.704,1.56913
292,8,41483,19.2015,-39.7998,18.7666,-41.121,19.0878,-41.1995,80.5204,-56.2109,18.3879,36.2121,61.8098,0.0620348,0.99129,0.0947758,-0.0671824,264.554,253.031,7.42794,17.4497,-1.54644
293,0,41503,19.1494,-39.874,18.7666,-41.121,19.0878,-41.1995,80.5204,-56.2109,18.3963,36.2024,61.843,0.0620086,0.991258,0.0952434,-0.067021,264.554,253.031,7.42794,17.4497,-1.54644
294,0,41513,19.1163,-39.5986,18.7666,-41.121,19.0878,-41.1995,80.5204,-56.2109,18.4019,36.197,61.845,0.061675,0.991363,0.0941618,-0.067293,264.554,253.031,7.42794,17.4497,-1.54644
295,8,41553,19.8591,-39.4553,18.0728,-40.0033,18.3885,-40.0622,77.1202,-51.0309,18.4475,36.2058,61.7559,0.0603908,0.991664,0.0933622,-0.0651012,265.099,250.938,7.76135,17.027,-1.5166
296,0,41583,20.9794,-40.4598,18.0728,-40.0033,18.3885,-40.0622,77.1202,-51.0309,18.4804,36.1948,61.8066,0.0603519,0.991594,0.0974631,-0.0599942,265.099,250.938,7.76135,17.027,-1.5166
297,8,41583,21.0203,-40.4637,17.2967,-40.0466,17.597,-40.1108,72.5351,-51.8546,18.4804,36.1948,61.8066,0.0603519,0.991594,0.0974631,-0.0599942,266.538,250.826,8.27563,16.5224,-1.4772
298,0,41603,20.2531,-39.7033,17.2967,-40.0466,17.597,-40.1108,72.5351,-51.8546,18.4947,36.1977,61.7802,0.0594218,0.991691,0.0946366,-0.0637417,266.538,250.826,8.27563,16.5224,-1.4772
299,0,41613,20.0266,-40.4749,17.2967,-40.0466,17.597,-40.1108,72.5351,-51.8546,18.506,36.2061,61.7218,0.058829,0.99127,0.0982082,-0.0654072,266.538,250.826,8.27563,16.5224,-1.4772
300,8,41613,20.05,-40.477,17.8221,-40.1898,18.1318,-40.2541,75.5349,-52.1796,18.506,36.2061,61.7218,0.058829,0.99127,0.0982082,-0.0654072,265.696,251.175,8.11937,19.6003,-1.56232
301,7,41653,20.9396,-39.8251,18.835,-40.3016,19.1629,-40.3627,81.417,-51.966,18.5494,36.2087,61.6864,0.0578318,0.991896,0.0951074,-0.0612639,263.942,251.653,8.22438,15.3839,1.56622
302,8,41653,20.9396,-39.8251,18.835,-40.3016,19.1629,-40.3627,81.417,-51.966,18.5494,36.2087,61.6864,0.0578318,0.991896,0.0951074,-0.0612639,263.942,251.653,8.22438,15.3839,1.56622
303,0,41683,20.9513,-39.5585,18.835,-40.3016,19.1629,-40.3627,81.417,-51.966,18.5977,36.2057,61.6791,0.0569354,0.992037,0.0941673,-0.0612598,263.942,251.653,8.22438,15.3839,1.56622
304,5,41721,21.2605,-39.692,19.0194,-40.8652,19.3469,-40.9369,82.1599,-54.7061,18.6926,36.1882,61.7119,0.055474,0.992344,0.0960381,-0.0543459,263.98,252.635,7.63964,17.5085,1.52492
305,8,41713,21.2786,-40.0859,19.0194,-40.8652,19.3469,-40.9369,82.1599,-54.7061,18.653,36.1939,61.7202,0.0562637,0.992048,0.0970236,-0.0571072,263.98,252.635,7.63964,17.5085,1.52492
306,5,41788,21.2638,-39.8867,10.915,-38.7506,11.0697,-38.8215,35.8309,-50.1734,18.7756,36.1753,61.7099,0.0526723,0.992623,0.0976623,-0.0488644,280.962,247.6,24.3048,31.1035,-0.514693
307,8,41783,21.2552,-39.7389,10.915,-38.7506,11.0697,-38.8215,35.8309,-50.1734,18.7806,36.1764,61.6912,0.0525297,0.992588,0.0970465,-0.0509072,280.962,247.6,24.3048,31.1035,-0.514693
308,0,41813,21.9782,-39.8148,10.915,-38.7506,11.0697,-38.8215,35.8309,-50.1734,18.8478,36.166,61.6959,0.0510251,0.992869,0.0975091,-0.0458138,280.962,247.6,24.3048,31.1035,-0.514693
309,5,41840,21.2862,-39.482,11.0014,-38.2827,11.1614,-38.3416,36.6207,-47.7128,18.8794,36.1663,61.6821,0.0497101,0.99309,0.0965735,-0.0444402,280.542,246.637,23.6062,32.6474,-0.579317
310,0,41853,21.6302,-39.2386,11.0014,-38.2827,11.1614,-38.3416,36.6207,-47.7128,18.9451,36.167,61.6535,0.0483949,0.993306,0.0956376,-0.0430663,280.542,246.637,23.6062,32.6474,-0.579317
311,5,41907,20.6486,-39.0496,10.7226,-37.3874,10.8802,-37.4252,35.5242,-43.3485,19.0602,36.1623,61.6786,0.0456884,0.99362,0.0957737,-0.0381935,280.99,244.668,24.2532,35.3154,-0.667981
312,0,41923,20.6275,-39.0426,10.7226,-37.3874,10.8802,-37.4252,35.5242,-43.3485,19.1244,36.1636,61.6587,0.0445967,0.993715,0.0959474,-0.036549,280.99,244.668,24.2532,35.3154,-0.667981
313,0,41953,21.6531,-39.143,10.7226,-37.3874,10.8802,-37.4252,35.5242,-43.3485,19.2111,36.1551,61.6578,0.043315,0.993934,0.0963268,-0.0306715,280.99,244.668,24.2532,35.3154,-0.667981
314,0,42003,21.0416,-39.085,14.909,-38.3596,10.8802,-37.4252,59.5284,-45.0754,19.3458,36.1499,61.617,0.0397742,0.994101,0.0970196,-0.0277096,270.597,247.497,23.2522,29.6986,-0.628482
315,0,42013,21.4693,-39.0694,14.909,-38.3596,10.8802,-37.4252,59.5284,-45.0754,19.3719,36.1551,61.5859,0.0388458,0.994221,0.096907,-0.0249789,270.597,247.497,23.2522,29.6986,-0.628482
316,0,42033,21.4616,-39.3199,14.909,-38.3596,10.8802,-37.4252,59.5284,-45.0754,19.4184,36.1555,61.582,0.0375569,0.994171,0.0982733,-0.0235592,270.597,247.497,23.2522,29.6986,-0.628482
317,8,42033,21.028,-39.2914,15.2377,-38.0452,15.5072,-38.0753,61.6488,-43.2125,19.4184,36.1555,61.582,0.0375569,0.994171,0.0982733,-0.0235592,269.721,246.975,24.078,30.0844,-0.659405
318,0,42053,20.9859,-38.9431,15.2377,-38.0452,15.5072,-38.0753,61.6488,-43.2125,19.4738,36.1453,61.6238,0.0366195,0.994363,0.0970421,-0.02198,269.721,246.975,24.078,30.0844,-0.659405
319,0,42063,21.729,-38.8589,15.2377,-38.0452,15.5072,-38.0753,61.6488,-43.2125,19.5066,36.1485,61.6114,0.0364476,0.994519,0.0963776,-0.0177696,269.721,246.975,24.078,30.0844,-0.659405
320,8,42063,21.4139,-38.838,15.0378,-37.7872,15.3045,-37.8122,60.6309,-42.0476,19.5066,36.1485,61.6114,0.0364476,0.994519,0.0963776,-0.0177696,270.048,246.398,23.471,30.0247,-0.701296
321,0,42083,21.4055,-38.492,15.0378,-37.7872,15.3045,-37.8122,60.6309,-42.0476,19.5588,36.1522,61.6103,0.0347685,0.994686,0.0951825,-0.0182144,270.048,246.398,23.471,30.0247,-0.701296
322,0,42103,20.8358,-38.5454,15.0378,-37.7872,15.3045,-37.8122,60.6309,-42.0476,19.6117,36.1554,61.6166,0.0333249,0.994709,0.0958241,-0.016134,270.048,246.398,23.471,30.0247,-0.701296
323,0,42113,20.7336,-38.6595,15.0378,-37.7872,15.3045,-37.8122,60.6309,-42.0476,19.6397,36.1628,61.5607,0.0325654,0.994688,0.0963865,-0.0156786,270.048,246.398,23.471,30.0247,-0.701296
324,8,42113,21.0572,-38.6787,14.2876,-37.8085,14.5366,-37.8378,56.2111,-42.7383,19.6397,36.1628,61.5607,0.0325654,0.994688,0.0963865,-0.0156786,271.75,246.263,24.3206,31.2748,-0.648384
325,7,42153,19.0828,-38.8532,13.9979,-37.9786,14.2388,-38.0135,54.4064,-43.8329,19.7467,36.1638,61.5622,0.030322,0.99466,0.0980223,-0.0111162,272.419,246.577,23.6251,30.8989,-0.504057
326,8,42153,19.0828,-38.8532,13.9979,-37.9786,14.2388,-38.0135,54.4064,-43.8329,19.7467,36.1638,61.5622,0.030322,0.99466,0.0980223,-0.0111162,272.419,246.577,23.6251,30.8989,-0.504057
327,0,42183,17.9865,-39.0021,13.9979,-37.9786,14.2388,-38.0135,54.4064,-43.8329,19.8315,36.1612,61.6073,0.0284523,0.994611,0.0993153,-0.00874679,272.419,246.577,23.6251,30.8989,-0.504057
328,8,42183,16.8335,-38.9395,13.976,-38.772,14.2112,-38.826,53.7985,-47.909,19.8315,36.1612,61.6073,0.0284523,0.994611,0.0993153,-0.00874679,272.954,248.186,20.9153,30.6908,-0.515973
329,8,42193,17.7889,-38.2972,13.976,-38.772,14.2112,-38.826,53.7985,-47.909,19.8543,36.1644,61.6039,0.0277477,0.994958,0.0962801,-0.00444642,272.954,248.186,20.9153,30.6908,-0.515973
330,8,42363,15.6567,-37.4928,15.9649,-37.7061,16.2526,-37.7245,66.1258,-40.9134,20.1821,36.1741,61.6652,0.0174149,0.995261,0.0944368,0.0152649,268.009,246.221,12.0276,23.3762,-1.14787
331,0,42383,15.185,-37.3366,15.9649,-37.7061,16.2526,-37.7245,66.1258,-40.9134,20.2139,36.1693,61.7247,0.0161872,0.995348,0.0941034,0.012873,268.009,246.221,12.0276,23.3762,-1.14787
332,0,42404,14.6571,-37.8415,15.9649,-37.7061,16.2526,-37.7245,66.1258,-40.9134,20.2433,36.177,61.7309,0.0151782,0.995065,0.0964528,0.0176489,268.009,246.221,12.0276,23.3762,-1.14787
333,7,42436,13.924,-37.7104,9.61757,-36.3587,9.74856,-36.3756,29.6544,-38.9429,20.2752,36.1846,61.7412,0.0133885,0.995132,0.0961402,0.0170138,283.793,242.235,23.6139,36.7752,-0.668319
334,8,42434,14.2169,-38.3863,9.61757,-36.3587,9.74856,-36.3756,29.6544,-38.9429,20.2745,36.1902,61.6738,0.0138587,0.994831,0.0989005,0.0183612,283.793,242.235,23.6139,36.7752,-0.668319
335,0,42454,12.5048,-37.9402,9.61757,-36.3587,9.74856,-36.3756,29.6544,-38.9429,20.2991,36.1896,61.7567,0.0122272,0.995021,0.0974642,0.0168892,283.793,242.235,23.6139,36.7752,-0.668319
336,0,42464,13.718,-38.0084,9.61757,-36.3587,9.74856,-36.3756,29.6544,-38.9429,20.311,36.1901,61.7538,0.012274,0.994949,0.0975456,0.0202491,283.793,242.235,23.6139,36.7752,-0.668319
337,8,42464,13.1713,-37.9891,11.3225,-38.8449,11.4881,-38.9158,38.1677,-50.3398,20.311,36.1901,61.7538,0.012274,0.994949,0.0975456,0.0202491,279.833,247.973,22.7412,32.3789,-0.419388
338,0,42484,13.7122,-37.3591,11.3225,-38.8449,11.4881,-38.9158,38.1677,-50.3398,20.3285,36.202,61.7193,0.0113326,0.99518,0.0946052,0.0231987,279.833,247.973,22.7412,32.3789,-0.419388
339,0,42494,12.2095,-37.131,11.3225,-38.8449,11.4881,-38.9158,38.1677,-50.3398,20.338,36.2029,61.7425,0.0108143,0.995259,0.0938849,0.0229924,279.833,247.973,22.7412,32.3789,-0.419388
340,8,42494,11.7337,-37.115,10.5612,-38.1189,10.7097,-38.1762,34.1339,-47.216,20.338,36.2029,61.7425,0.0108143,0.995259,0.0938849,0.0229924,281.615,246.212,23.0718,31.3852,-0.491135
341,0,42514,11.318,-37.2959,10.5612,-38.1189,10.7097,-38.1762,34.1339,-47.216,20.3545,36.204,61.7875,0.0103723,0.995185,0.094824,0.0225199,281.615,246.212,23.0718,31.3852,-0.491135
342,5,42544,10.0653,-37.0381,9.78128,-37.1801,9.91249,-37.2178,30.1198,-43.0182,20.3724,36.2098,61.7845,0.0096939,0.995208,0.0938496,0.0256674,283.574,244.021,23.0443,33.1383,-0.628086
343,8,42544,10.466,-37.0512,9.78128,-37.1801,9.91249,-37.2178,30.1198,-43.0182,20.3724,36.2098,61.7845,0.0096939,0.995208,0.0938496,0.0256674,283.574,244.021,23.0443,33.1383,-0.628086
344,0,42564,9.82321,-37.5242,9.78128,-37.1801,9.91249,-37.2178,30.1198,-43.0182,20.3824,36.2135,61.7465,0.00944149,0.99498,0.095985,0.026701,283.574,244.021,23.0443,33.1383,-0.628086
345,8,42564,9.55058,-37.5153,10.1592,-38.1854,10.2957,-38.2466,31.7324,-47.868,20.3824,36.2135,61.7465,0.00944149,0.99498,0.095985,0.026701,282.825,246.254,22.3217,29.9068,-0.518785
346,0,42584,10.2875,-37.0138,10.1592,-38.1854,10.2957,-38.2466,31.7324,-47.868,20.3945,36.2163,61.7194,0.00934688,0.995102,0.0936059,0.0303896,282.825,246.254,22.3217,29.9068,-0.518785
347,0,42584,9.90317,-37.0006,10.9384,-38.6509,10.2957,-38.2466,36.0284,-49.6454,20.3945,36.2163,61.7194,0.00934688,0.995102,0.0936059,0.0303896,280.729,247.437,22.3874,30.5144,-0.370576
348,0,42614,10.0069,-36.7003,10.9384,-38.6509,10.2957,-38.2466,36.0284,-49.6454,20.4058,36.2072,61.7629,0.00885683,0.995209,0.0923988,0.0307236,280.729,247.437,22.3874,30.5144,-0.370576
349,0,42634,9.31791,-36.4849,10.9384,-38.6509,10.2957,-38.2466,36.0284,-49.6454,20.4219,36.1996,61.8255,0.00827277,0.995384,0.0916897,0.0271316,280.729,247.437,22.3874,30.5144,-0.370576
350,0,42634,9.31791,-36.4849,13.0149,-38.0745,10.2957,-38.2466,48.5743,-45.0862,20.4219,36.1996,61.8255,0.00827277,0.995384,0.0916897,0.0271316,274.551,246.751,23.6733,33.5772,-0.0924324
351,0,42655,9.61317,-36.9685,13.0149,-38.0745,10.2957,-38.2466,48.5743,-45.0862,20.4267,36.1967,61.8519,0.00837195,0.995143,0.0938531,0.0285067,274.551,246.751,23.6733,33.5772,-0.0924324
352,0,42664,9.23877,-36.7057,13.0149,-38.0745,10.2957,-38.2466,48.5743,-45.0862,20.431,36.1901,61.9059,0.00859381,0.995285,0.0928329,0.0267719,274.551,246.751,23.6733,33.5772,-0.0924324
353,0,42664,9.23877,-36.7057,10.7081,-37.7306,10.2957,-38.2466,35.2316,-45.1159,20.431,36.1901,61.9059,0.00859381,0.995285,0.0928329,0.0267719,281.022,245.426,23.6015,33.001,-0.513052
354,0,42684,9.36012,-36.6749,10.7081,-37.7306,10.2957,-38.2466,35.2316,-45.1159,20.4317,36.1931,61.8907,0.00870143,0.995286,0.0926345,0.0273843,281.022,245.426,23.6015,33.001,-0.513052
355,0,42694,9.517,-36.7332,10.7081,-37.7306,10.2957,-38.2466,35.2316,-45.1159,20.431,36.1956,61.8852,0.00889409,0.995242,0.0928384,0.028198,281.022,245.426,23.6015,33.001,-0.513052
356,0,42694,9.517,-36.7332,9.75774,-37.4441,10.2957,-38.2466,29.822,-44.387,20.431,36.1956,61.8852,0.00889409,0.995242,0.0928384,0.028198,283.812,244.652,22.4435,33.8711,-0.625788
357,0,42714,9.48565,-36.6089,9.75774,-37.4441,10.2957,-38.2466,29.822,-44.387,20.4326,36.2043,61.8542,0.0094313,0.995301,0.0921603,0.0281844,283.812,244.652,22.4435,33.8711,-0.625788
358,0,42714,9.48565,-36.6089,9.54122,-38.3411,10.2957,-38.2466,28.0083,-49.144,20.4326,36.2043,61.8542,0.0094313,0.995301,0.0921603,0.0281844,284.66,246.538,21.4699,28.0014,-0.399953
359,0,42744,9.6179,-37.1868,9.54122,-38.3411,10.2957,-38.2466,28.0083,-49.144,20.4274,36.2119,61.8346,0.00981067,0.995046,0.0946137,0.0288958,284.66,246.538,21.4699,28.0014,-0.399953
360,0,42784,9.16857,-37.0777,8.63404,-38.2138,10.2957,-38.2466,22.7562,-49.1966,20.4296,36.2134,61.8462,0.0100216,0.995144,0.0941826,0.0267708,287.444,246.19,21.6045,27.3492,-0.48321
361,0,42814,9.09013,-37.0729,8.63404,-38.2138,10.2957,-38.2466,22.7562,-49.1966,20.4316,36.214,61.859,0.0102988,0.995151,0.094169,0.0264585,287.444,246.19,21.6045,27.3492,-0.48321
362,0,42844,9.14236,-37.0632,8.45732,-38.3311,10.2957,-38.2466,21.6473,-49.9334,20.441,36.2098,61.8147,0.0111475,0.995142,0.0940623,0.0268518,287.965,246.548,22.116,28.1561,-0.2932
363,0,42884,9.06096,-37.0074,8.45732,-38.3311,10.2957,-38.2466,21.6473,-49.9334,20.4499,36.2039,61.8195,0.0116216,0.995165,0.0938545,0.0265237,287.965,246.548,22.116,28.1561,-0.2932
364,0,42914,9.48498,-36.4534,8.45732,-38.3311,10.2957,-38.2466,21.6473,-49.9334,20.467,36.2013,61.7949,0.0117343,0.995344,0.0913116,0.0285295,287.965,246.548,22.116,28.1561,-0.2932
365,0,42914,9.48498,-36.4534,8.38777,-38.3701,10.2957,-38.2466,21.2152,-50.1871,20.467,36.2013,61.7949,0.0117343,0.995344,0.0913116,0.0285295,288.151,246.599,22.6215,27.4859,-0.221965
366,0,42954,8.92553,-37.3754,8.38777,-38.3701,10.2957,-38.2466,21.2152,-50.1871,20.4953,36.1901,61.8038,0.0118104,0.995024,0.0955894,0.0254903,288.151,246.599,22.6215,27.4859,-0.221965
367,0,42954,8.92553,-37.3754,8.79694,-38.2301,10.2957,-38.2466,23.7033,-49.1535,20.4953,36.1901,61.8038,0.0118104,0.995024,0.0955894,0.0254903,286.885,246.274,21.7984,27.8433,-0.373931
368,0,42984,8.72598,-37.6825,8.79694,-38.2301,10.2957,-38.2466,23.7033,-49.1535,20.5156,36.1825,61.8341,0.0121547,0.994905,0.0970559,0.024429,286.885,246.274,21.7984,27.8433,-0.373931
369,0,42984,8.72598,-37.6825,8.7097,-38.1566,10.2957,-38.2466,23.2352,-48.8451,20.5156,36.1825,61.8341,0.0121547,0.994905,0.0970559,0.024429,287.16,246.128,22.5757,28.8059,-0.415754
370,0,43014,9.52793,-37.2425,8.7097,-38.1566,10.2957,-38.2466,23.2352,-48.8451,20.5275,36.1864,61.7841,0.0127044,0.995003,0.0948732,0.0284125,287.16,246.128,22.5757,28.8059,-0.415754
371,0,43044,9.46823,-37.2882,8.7097,-38.1566,10.2957,-38.2466,23.2352,-48.8451,20.5289,36.187,61.7784,0.0127846,0.994991,0.0950698,0.0281253,287.16,246.128,22.5757,28.8059,-0.415754
372,0,43044,9.46823,-37.2882,9.13589,-38.2248,10.2957,-38.2466,25.6975,-48.8636,20.5289,36.187,61.7784,0.0127846,0.994991,0.0950698,0.0281253,285.703,246.272,23.0544,28.1644,-0.192467
373,0,43084,9.02804,-38.1162,9.13589,-38.2248,10.2957,-38.2466,25.6975,-48.8636,20.5266,36.1886,61.7929,0.0129472,0.994684,0.0987989,0.0259658,285.703,246.272,23.0544,28.1644,-0.192467
374,0,43114,8.90414,-37.7658,8.65167,-38.1907,10.2957,-38.2466,22.8738,-49.0642,20.5229,36.1959,61.7689,0.0133071,0.994852,0.0971685,0.0255249,287.343,246.147,21.8097,27.3637,-0.428602
375,0,43134,8.99385,-37.6411,8.65167,-38.1907,10.2957,-38.2466,22.8738,-49.0642,20.5158,36.1962,61.7986,0.0129602,0.994896,0.0966498,0.0259499,287.343,246.147,21.8097,27.3637,-0.428602
376,0,43144,8.89391,-37.9627,8.65167,-38.1907,10.2957,-38.2466,22.8738,-49.0642,20.5149,36.1955,61.7989,0.0129948,0.994767,0.0980919,0.0254453,287.343,246.147,21.8097,27.3637,-0.428602
377,0,43144,8.89391,-37.9627,8.63606,-37.8209,10.2957,-38.2466,23.0055,-47.1845,20.5149,36.1955,61.7989,0.0129948,0.994767,0.0980919,0.0254453,287.192,245.323,22.2587,28.1256,-0.402396
378,0,43164,8.59313,-37.6015,8.63606,-37.8209,10.2957,-38.2466,23.0055,-47.1845,20.5086,36.1926,61.8373,0.0131223,0.994945,0.0965972,0.0241292,287.192,245.323,22.2587,28.1256,-0.402396
379,0,43164,8.59313,-37.6015,8.83202,-38.3084,10.2957,-38.2466,23.8621,-49.5267,20.5086,36.1926,61.8373,0.0131223,0.994945,0.0965972,0.0241292,286.758,246.438,22.368,27.533,-0.294668
380,0,43194,8.47176,-37.2008,8.83202,-38.3084,10.2957,-38.2466,23.8621,-49.5267,20.4945,36.1994,61.7678,0.0131843,0.995136,0.0947048,0.0236785,286.758,246.438,22.368,27.533,-0.294668
381,0,43234,9.15361,-36.4981,8.83202,-38.3084,10.2957,-38.2466,23.8621,-49.5267,20.4706,36.1989,61.7751,0.013433,0.995341,0.0914763,0.0273439,286.758,246.438,22.368,27.533,-0.294668
