id,quality,time,targetX,targetY,outputEvalX,outputEvalY,outputApplyX,outputApplyY,outputEvalNopolX,outputEvalNopolY,headX,headY,headZ,headi,headj,headk,headw,ellipseX,ellipseY
0,0,37789,2.35286,-5.4881,2.20891,-4.42496,2.04129,-4.11792,0.612638,3.54764,18.9522,27.8173,69.7699,-7.46768e-05,0.999983,0.00563041,0.00125445,313.88,284.439
1,0,37789,2.35286,-5.4881,0.921002,13.5294,0.327574,12.8233,-0.477161,21.6575,18.9522,27.8173,69.7699,-7.46768e-05,0.999983,0.00563041,0.00125445,315.744,269.455
2,8,37858,1.29995,13.3536,0.921002,13.5294,0.327574,12.8233,-0.477161,21.6575,18.9167,27.2637,66.9585,0.00152784,0.996309,-0.0856728,-0.00507698,315.744,269.455
3,0,37940,-3.31325,13.5323,0.921002,13.5294,0.327574,12.8233,-0.477161,21.6575,18.8038,27.3429,66.7111,-0.000995989,0.995817,-0.0871397,-0.0274614,315.744,269.455
4,5,37992,-4.4886,11.7372,-4.60003,12.0905,-5.21289,11.5383,-6.3807,20.3338,18.767,27.3461,66.775,-0.000126735,0.996388,-0.0781916,-0.0331102,324.142,270.399
5,0,38024,-5.70072,9.94904,-4.60003,12.0905,-5.21289,11.5383,-6.3807,20.3338,18.7071,27.3513,66.8789,0.000742534,0.996847,-0.0692347,-0.0387553,324.142,270.399
6,5,38074,-7.28031,9.94885,-7.62153,9.87188,-8.17262,9.50446,-9.63403,18.1681,18.6823,27.3706,66.8339,-0.000158795,0.996506,-0.0693648,-0.0465167,328.835,272.117
7,0,38091,-8.92762,9.88773,-7.62153,9.87188,-8.17262,9.50446,-9.63403,18.1681,18.609,27.4274,66.7015,-0.00106011,0.996105,-0.0694906,-0.0542752,328.835,272.117
8,5,38143,-9.88788,8.9943,-9.88224,7.81172,-10.3565,7.58114,-12.0745,16.1448,18.6025,27.4391,66.7041,4.26823e-05,0.996133,-0.0650231,-0.0590782,332.395,273.846
9,0,38157,-10.8775,8.05634,-9.88224,7.81172,-10.3565,7.58114,-12.0745,16.1448,18.5784,27.4826,66.7141,0.00114548,0.996118,-0.0605527,-0.0638785,332.395,273.846
10,5,38241,-12.2051,5.19761,-12.6114,4.45904,-12.9409,4.38773,-15.0342,12.8305,18.5309,27.5307,66.8102,0.000651037,0.996448,-0.0465626,-0.0701663,336.811,276.826
11,8,38240,-12.3511,6.49669,-12.6114,4.45904,-12.9409,4.38773,-15.0342,12.8305,18.4865,27.5243,66.922,0.001431,0.996105,-0.052942,-0.0704992,336.811,276.826
12,0,38307,-13.553,2.3207,-12.6114,4.45904,-12.9409,4.38773,-15.0342,12.8305,18.4704,27.5919,66.9326,0.000156444,0.996543,-0.0325615,-0.0764377,336.811,276.826
13,5,38345,-13.5921,0.305017,-14.2265,0.0434939,-14.3704,0.0829847,-16.824,8.42057,18.4608,27.6537,66.9241,0.00159771,0.996805,-0.0227892,-0.0765423,339.598,280.86
14,0,38390,-13.6361,-1.69567,-14.2265,0.0434939,-14.3704,0.0829847,-16.824,8.42057,18.4527,27.7058,66.917,0.00303883,0.996969,-0.0130146,-0.0766394,339.598,280.86
15,5,38438,-14.2677,-2.88594,-14.7123,-4.068,-14.697,-4.0153,-17.4061,4.2912,18.4522,27.7136,66.9016,0.00199199,0.996782,-0.00717365,-0.0798138,340.649,284.752
16,8,38441,-14.8914,-4.26198,-14.7123,-4.068,-14.697,-4.0153,-17.4061,4.2912,18.4444,27.8377,66.6561,0.000945065,0.996549,-0.00133239,-0.0829846,340.649,284.752
17,5,38541,-14.0522,-6.94925,-14.293,-8.59831,-14.1272,-8.61783,-17.0305,-0.280485,18.4532,27.8576,66.7304,0.0015663,0.996819,0.0120617,-0.0787692,340.28,289.212
18,5,38541,-13.5504,-7.8065,-14.293,-8.59831,-14.1272,-8.61783,-17.0305,-0.280485,18.4646,27.8915,66.92,0.0017456,0.996956,0.0161579,-0.076253,340.28,289.212
19,5,38601,-13.1876,-10.81,-13.5795,-11.1891,-13.3437,-11.2841,-16.3113,-2.90571,18.4787,27.9671,66.8276,0.000673392,0.996747,0.0304972,-0.0745972,339.319,291.848
20,5,38601,-12.8178,-12.7944,-13.5795,-11.1891,-13.3437,-11.2841,-16.3113,-2.90571,18.5062,28.0489,66.8078,0.00111502,0.996547,0.0397888,-0.0728723,339.319,291.848
21,5,38663,-12.8606,-12.6226,-12.4387,-13.6175,-12.1536,-13.7981,-15.1342,-5.3771,18.4838,27.9376,66.9333,0.00111502,0.996547,0.0397888,-0.0728723,337.633,294.327
22,0,38674,-12.4573,-15.7824,-12.4387,-13.6175,-12.1536,-13.7981,-15.1342,-5.3771,18.5159,28.0973,66.7532,4.25862e-05,0.995994,0.0541159,-0.071191,337.633,294.327
23,5,38741,-11.7393,-18.5622,-9.83676,-17.3628,-9.505,-17.6952,-12.4215,-9.2077,18.5675,28.2079,66.6476,-0.000489113,0.995437,0.0668982,-0.0680366,333.618,298.324
24,8,38741,-11.7393,-18.5622,-9.83676,-17.3628,-9.505,-17.6952,-12.4215,-9.2077,18.5675,28.2079,66.6476,-0.000489113,0.995437,0.0668982,-0.0680366,333.618,298.324
25,0,38807,-8.59761,-17.5368,-9.83676,-17.3628,-9.505,-17.6952,-12.4215,-9.2077,18.6283,28.1799,66.9047,-0.00081698,0.996654,0.0623583,-0.0528321,333.618,298.324
26,5,38842,-6.82441,-19.3848,-7.19149,-19.6914,-6.86048,-20.1083,-9.64041,-11.6127,18.6721,28.2012,66.9365,0.000387789,0.996471,0.0714006,-0.0441253,329.418,300.882
27,0,38874,-5.04446,-21.2515,-7.19149,-19.6914,-6.86048,-20.1083,-9.64041,-11.6127,18.7201,28.2245,66.9712,0.0015925,0.99613,0.0804316,-0.0354115,329.418,300.882
28,5,38924,-4.1136,-21.4037,-4.02638,-21.2087,-3.72776,-21.6377,-6.2928,-13.2126,18.7396,28.2517,66.9166,0.00109067,0.996233,0.080978,-0.0310058,324.32,302.616
29,0,38941,-3.11678,-21.6406,-4.02638,-21.2087,-3.72776,-21.6377,-6.2928,-13.2126,18.797,28.3316,66.7561,0.000588816,0.996316,0.0815227,-0.0265995,324.32,302.616
30,5,39026,-0.729019,-22.8071,0.303409,-22.2403,0.548643,-22.6,-1.69696,-14.3497,18.8334,28.3309,66.7712,0.000639985,0.996076,0.0872231,-0.0149681,317.254,303.977
31,0,39057,1.76184,-23.9821,0.303409,-22.2403,0.548643,-22.6,-1.69696,-14.3497,18.9332,28.329,66.8126,0.000691045,0.995669,0.0929089,-0.00333419,317.254,303.977
32,5,39144,5.19082,-22.4036,5.13224,-22.215,5.32475,-22.4016,3.44705,-14.4338,19.01,28.3122,66.8383,0.000289537,0.996259,0.0854017,0.0132158,309.408,304.256
33,5,39144,6.65218,-21.9721,5.13224,-22.215,5.32475,-22.4016,3.44705,-14.4338,19.0896,28.2874,66.9063,-0.00073025,0.996311,0.0835002,0.019798,309.408,304.256
34,0,39208,7.75583,-20.748,7.80194,-21.4076,7.96927,-21.4447,6.30347,-13.6814,19.1301,28.2396,66.9837,-0.00120689,0.996644,0.0779193,0.0250601,305.096,303.536
35,8,39207,8.66084,-20.8332,7.80194,-21.4076,7.96927,-21.4447,6.30347,-13.6814,19.1161,28.289,66.8738,-0.000112068,0.99652,0.0778663,0.0297614,305.096,303.536
36,5,39329,11.3343,-19.5445,12.3623,-19.066,12.5107,-18.8167,11.1979,-11.4269,19.1669,28.2659,66.852,-0.000237024,0.996516,0.0716319,0.0427277,297.777,301.447
37,5,39329,12.5587,-18.3115,12.3623,-19.066,12.5107,-18.8167,11.1979,-11.4269,19.2818,28.2032,66.8486,-0.000713498,0.996663,0.0660371,0.0479836,297.777,301.447
38,0,39374,14.1514,-18.2058,12.3623,-19.066,12.5107,-18.8167,11.1979,-11.4269,19.3047,28.2032,66.7929,-0.000361932,0.996305,0.0653826,0.0556851,297.777,301.447
39,5,39394,15.8548,-16.1463,14.5083,-17.1969,14.6577,-16.8,13.5132,-9.59331,19.3624,28.1518,66.7184,-0.000265341,0.996415,0.0555312,0.0638304,294.392,299.665
40,0,39457,17.5011,-14.1458,14.5083,-17.1969,14.6577,-16.8,13.5132,-9.59331,19.3807,28.1355,66.6948,-0.000168707,0.996361,0.0456707,0.0719653,294.392,299.665
41,5,39512,18.2149,-12.5675,17.5295,-12.8822,17.6902,-12.2914,16.7991,-5.31683,19.4031,28.1018,66.7331,0.00035772,0.99642,0.0380313,0.075507,289.777,295.533
42,4,39540,18.9636,-10.9431,18.4805,-10.6638,18.6456,-10.033,17.847,-3.10441,19.447,28.0356,66.8083,0.000884121,0.996408,0.0303892,0.0790432,288.375,293.399
43,5,39593,18.8906,-9.58014,18.9932,-9.45741,19.1625,-8.81707,18.412,-1.90117,19.4505,28.0087,66.83,-0.000276266,0.996612,0.0239312,0.078683,287.635,292.271
44,4,39607,18.8257,-8.10618,19.6388,-4.06671,19.7873,-3.51111,19.1844,3.51278,19.4636,27.907,66.912,-0.00143664,0.996774,0.0174722,0.0783193,286.891,287.066
45,4,39689,18.9786,-4.82034,19.1982,-7.71086,19.3601,-7.08161,18.6578,-0.146995,19.4626,27.7848,66.9816,-0.00265306,0.996851,0.00207805,0.0792211,287.387,290.536
46,5,39730,19.4192,-2.72469,19.7186,-3.42173,19.865,-2.88633,19.2795,4.16048,19.4666,27.7745,66.903,-0.0014435,0.99664,-0.00847937,0.0814512,286.807,286.474
47,0,39757,19.878,-0.623339,19.7186,-3.42173,19.865,-2.88633,19.2795,4.16048,19.4726,27.7587,66.7837,-0.000233776,0.996312,-0.0190358,0.0836717,286.807,286.474
48,5,39824,19.4576,0.735265,18.9944,0.76086,19.0827,1.10098,18.5739,8.38891,19.4701,27.7335,66.7863,-0.000249514,0.996331,-0.0256578,0.081645,288.104,282.458
49,0,39841,19.0292,2.20412,18.9944,0.76086,19.0827,1.10098,18.5739,8.38891,19.4602,27.634,66.7967,-0.00026524,0.996303,-0.0322785,0.0796144,288.104,282.458
50,0,39924,17.1048,5.30497,18.9944,0.76086,19.0827,1.10098,18.5739,8.38891,19.4129,27.541,66.8284,-0.000782487,0.9964,-0.047122,0.0704742,288.104,282.458
51,5,39951,16.7611,5.61318,17.259,4.90861,17.2457,4.96976,16.7905,12.6052,19.3789,27.511,66.8091,-0.000188931,0.996435,-0.0485061,0.0690225,290.908,278.466
52,0,39990,16.4335,5.90821,17.259,4.90861,17.2457,4.96976,16.7905,12.6052,19.3553,27.4902,66.7958,0.000404626,0.996466,-0.04989,0.0675705,290.908,278.466
53,5,40077,13.7457,9.00656,12.8826,10.6585,12.6443,10.2138,12.2191,18.4949,19.305,27.4386,66.8272,-5.1272e-05,0.99639,-0.0650577,0.0545367,297.752,273.039
54,5,40077,12.6722,10.5508,12.8826,10.6585,12.6443,10.2138,12.2191,18.4949,19.2384,27.375,66.8288,-0.000479147,0.996148,-0.0722976,0.0496273,297.752,273.039
55,5,40145,11.3847,10.3578,10.5131,11.7869,10.1802,11.232,9.71289,19.685,19.2405,27.413,66.7136,-0.000489897,0.996491,-0.0716978,0.0431845,301.297,271.769
56,5,40145,9.62901,12.0412,10.5131,11.7869,10.1802,11.232,9.71289,19.685,19.1511,27.3418,66.792,-0.000517876,0.996211,-0.0795963,0.0350365,301.297,271.769
57,5,40214,7.71415,12.6676,7.70337,13.1258,7.26517,12.438,6.741,21.0971,19.1364,27.3274,66.851,-0.000558569,0.99625,-0.0826548,0.0255679,305.541,270.396
58,5,40214,6.30494,12.5538,7.70337,13.1258,7.26517,12.438,6.741,21.0971,19.0516,27.3145,66.7849,-0.00056924,0.996445,-0.0820434,0.0191202,305.541,270.396
59,0,40274,4.3799,13.1762,7.70337,13.1258,7.26517,12.438,6.741,21.0971,19.0232,27.3038,66.7995,-0.000609843,0.996327,-0.0850888,0.00964808,305.541,270.396
60,5,40294,3.14423,14.1512,4.90053,13.8457,4.37749,13.0908,3.76676,21.8857,18.9558,27.2599,66.8949,-0.000291569,0.995971,-0.0895945,0.00392825,309.751,269.571
61,0,40349,1.97649,15.0863,4.90053,13.8457,4.37749,13.0908,3.76676,21.8857,18.9313,27.244,66.9296,2.67208e-05,0.995562,-0.0940954,-0.00179179,309.751,269.571
62,5,40378,-0.097229,13.9268,0.947223,13.5431,0.353884,12.8355,-0.449015,21.6707,18.8659,27.2861,66.8338,5.72527e-05,0.99599,-0.0886866,-0.0117376,315.689,269.455
63,5,40424,-2.1317,12.7978,-1.27994,13.3009,-1.89801,12.6255,-2.82517,21.4773,18.8247,27.3126,66.7734,8.77772e-05,0.996291,-0.0832664,-0.0216819,319.074,269.551
64,8,40424,-2.1317,12.7978,-1.27994,13.3009,-1.89801,12.6255,-2.82517,21.4773,18.8247,27.3126,66.7734,8.77772e-05,0.996291,-0.0832664,-0.0216819,319.074,269.551
65,0,40490,-5.5821,11.7057,-1.27994,13.3009,-1.89801,12.6255,-2.82517,21.4773,18.7459,27.3311,66.779,-0.00214513,0.996215,-0.0779555,-0.0383946,319.074,269.551
66,5,40510,-5.47694,10.615,-4.13548,12.2659,-4.75081,11.6969,-5.88312,20.4998,18.7175,27.3484,66.9145,0.000564754,0.996653,-0.0725441,-0.0376848,323.427,270.257
67,5,40595,-7.51467,10.4659,-7.85419,9.93354,-8.40659,9.56144,-9.88089,18.2355,18.7045,27.3687,66.7538,-0.000541326,0.996258,-0.0719497,-0.0478757,329.199,272.095
68,5,40595,-7.44266,9.34387,-7.85419,9.93354,-8.40659,9.56144,-9.88089,18.2355,18.6525,27.4103,66.8219,0.0021687,0.996666,-0.0665359,-0.0471646,329.199,272.095
69,0,40640,-9.53191,9.15892,-7.85419,9.93354,-8.40659,9.56144,-9.88089,18.2355,18.6078,27.4563,66.695,0.00106255,0.996174,-0.0659346,-0.0573507,329.199,272.095
70,5,40693,-10.469,7.57557,-10.9005,6.93925,-11.3366,6.75666,-13.1728,15.2893,18.5958,27.4704,66.6978,0.000386157,0.996384,-0.0581243,-0.0619728,334.013,274.647
71,0,40707,-11.454,5.93443,-10.9005,6.93925,-11.3366,6.75666,-13.1728,15.2893,18.5506,27.5237,66.7084,-0.000290264,0.996511,-0.0503092,-0.0665898,334.013,274.647
72,5,40768,-12.281,4.76516,-12.6723,4.00987,-12.9853,3.95587,-15.1061,12.3795,18.5293,27.5313,66.7899,-9.10546e-05,0.996517,-0.044451,-0.0705532,336.923,277.219
73,0,40790,-13.1771,3.58067,-12.6723,4.00987,-12.9853,3.95587,-15.1061,12.3795,18.4701,27.5526,67.0161,0.00010816,0.996473,-0.0385906,-0.0745131,336.923,277.219
74,5,40853,-13.5833,1.49806,-14.2336,0.256785,-14.385,0.292742,-16.8282,8.63552,18.4693,27.5642,66.9915,0.000318788,0.996666,-0.028201,-0.0765645,339.6,280.658
75,8,40861,-13.986,-0.708548,-14.2336,0.256785,-14.385,0.292742,-16.8282,8.63552,18.4634,27.6553,66.7977,0.00052938,0.996746,-0.0178083,-0.0786074,339.6,280.658
76,0,40924,-13.8509,-1.14974,-14.2336,0.256785,-14.385,0.292742,-16.8282,8.63552,18.4441,27.7272,66.9105,0.001403,0.996845,-0.0160429,-0.0777159,339.6,280.658
77,5,40960,-14.0755,-3.17379,-14.7887,-4.61927,-14.7515,-4.57195,-17.4961,3.73778,18.4487,27.7735,66.8864,0.00207696,0.996867,-0.00617193,-0.0788305,340.813,285.294
78,4,40990,-14.3026,-5.21463,-14.5626,-6.21961,-14.474,-6.18952,-17.2804,2.12105,18.4543,27.8289,66.8575,0.00275071,0.996789,0.00369961,-0.0799372,340.566,286.84
79,5,41029,-14.5678,-7.51519,-14.3932,-7.42309,-14.2664,-7.41407,-17.1189,0.905273,18.4515,27.8764,66.8295,0.00144505,0.996582,0.0147457,-0.0812722,340.377,288.029
80,4,41057,-14.8299,-9.85333,-14.0725,-8.91303,-13.902,-8.93744,-16.8006,-0.602428,18.4476,27.9425,66.7904,0.000139208,0.996249,0.0257899,-0.0825971,339.96,289.51
81,5,41090,-14.305,-10.3151,-13.8052,-10.1511,-13.5989,-10.211,-16.5354,-1.85525,18.4522,27.9558,66.8689,-0.000453817,0.996399,0.0279826,-0.0800393,339.607,290.766
82,0,41123,-13.78,-10.7763,-13.8052,-10.1511,-13.5989,-10.211,-16.5354,-1.85525,18.4569,27.9691,66.9474,-0.00104684,0.996537,0.030175,-0.0774806,339.607,290.766
83,5,41190,-11.8932,-15.2648,-12.03,-14.1676,-11.7385,-14.3669,-14.7076,-5.94033,18.5251,28.067,66.899,8.8776e-06,0.996308,0.0518589,-0.0684218,336.996,294.91
84,8,41190,-11.8932,-15.2648,-12.03,-14.1676,-11.7385,-14.3669,-14.7076,-5.94033,18.5251,28.067,66.899,8.8776e-06,0.996308,0.0518589,-0.0684218,336.996,294.91
85,5,41257,-11.6747,-16.7141,-10.3234,-16.5731,-10.0029,-16.8679,-12.9275,-8.40148,18.5359,28.0943,66.8517,-0.000157785,0.995993,0.0587756,-0.0674119,334.388,297.445
86,5,41323,-9.17102,-18.5082,-8.30914,-18.5952,-7.98144,-18.9669,-10.8137,-10.4835,18.5718,28.1171,66.8914,0.000640366,0.99619,0.0676168,-0.05507,331.2,299.655
87,5,41323,-8.8608,-20.0949,-8.30914,-18.5952,-7.98144,-18.9669,-10.8137,-10.4835,18.6371,28.2253,66.7704,0.000473625,0.995753,0.0745262,-0.0540529,331.2,299.655
88,5,41374,-6.32894,-21.9078,-6.49164,-20.1362,-6.16544,-20.5642,-8.90191,-12.0766,18.6934,28.2476,66.8715,0.00127158,0.995647,0.0833458,-0.0416946,328.299,301.389
89,8,41374,-6.32894,-21.9078,-6.49164,-20.1362,-6.16544,-20.5642,-8.90191,-12.0766,18.6934,28.2476,66.8715,0.00127158,0.995647,0.0833458,-0.0416946,328.299,301.389
90,5,41457,-2.8499,-21.811,-3.12751,-21.5018,-2.83996,-21.9231,-5.33994,-13.5281,18.8009,28.3359,66.7504,0.000879303,0.996285,0.082328,-0.0252589,322.85,302.983
91,8,41457,-2.8499,-21.811,-3.12751,-21.5018,-2.83996,-21.9231,-5.33994,-13.5281,18.8009,28.3359,66.7504,0.000879303,0.996285,0.082328,-0.0252589,322.85,302.983
92,5,41539,-0.471053,-22.3998,0.331653,-22.1861,0.575223,-22.5407,-1.66603,-14.2958,18.8385,28.3309,66.7929,0.000260004,0.996263,0.0852646,-0.0137523,317.208,303.91
93,0,41573,1.98863,-22.9795,0.331653,-22.1861,0.575223,-22.5407,-1.66603,-14.2958,18.9293,28.3187,66.8955,-0.000359332,0.996101,0.0881892,-0.00224374,317.208,303.91
94,5,41607,2.76762,-22.773,3.06208,-22.4271,3.27645,-22.7033,1.23861,-14.6005,18.9672,28.3127,66.8961,-0.00134476,0.996185,0.0872479,0.00121869,312.766,304.319
95,0,41640,3.54785,-22.5654,3.06208,-22.4271,3.27645,-22.7033,1.23861,-14.6005,19.0063,28.3064,66.8967,-0.00233016,0.996255,0.0863055,0.00468109,312.766,304.319
96,5,41657,6.2347,-21.7465,5.11841,-22.2905,5.31244,-22.4832,3.43113,-14.5096,19.096,28.302,66.8333,-0.00137045,0.99645,0.0823185,0.017573,309.428,304.334
97,0,41723,8.82198,-20.9451,5.11841,-22.2905,5.31244,-22.4832,3.43113,-14.5096,19.1191,28.3008,66.817,-0.000410482,0.996463,0.0783164,0.0304617,309.428,304.334
98,5,41756,9.24785,-20.2513,9.23215,-20.9184,9.3916,-20.8752,7.83459,-13.2212,19.161,28.2587,66.9005,-0.00124566,0.996639,0.0752922,0.0322483,302.76,303.173
99,5,41823,11.4597,-19.6862,11.0416,-19.895,11.1921,-19.7316,9.77803,-12.2317,19.1832,28.271,66.7957,-0.000158806,0.99645,0.0722621,0.0431967,299.885,302.207
100,5,41823,11.9508,-18.973,11.0416,-19.895,11.1921,-19.7316,9.77803,-12.2317,19.2668,28.2147,66.8434,-0.000994026,0.996585,0.0692348,0.0449816,299.885,302.207
101,5,41874,14.2024,-18.3949,13.4759,-18.3243,13.6257,-18.0052,12.3957,-10.7051,19.3089,28.2127,66.754,9.29011e-05,0.996238,0.0661934,0.055923,296.011,300.781
102,8,41874,14.2024,-18.3949,13.4759,-18.3243,13.6257,-18.0052,12.3957,-10.7051,19.3089,28.2127,66.754,9.29011e-05,0.996238,0.0661934,0.055923,296.011,300.781
103,5,41940,15.608,-17.266,15.4685,-16.0718,15.6201,-15.6079,14.5536,-8.48207,19.322,28.2019,66.7429,0.000319417,0.996178,0.0606264,0.0628746,292.922,298.611
104,0,41957,17.0785,-16.0951,15.4685,-16.0718,15.6201,-15.6079,14.5536,-8.48207,19.373,28.1601,66.6999,0.000545908,0.996039,0.0550545,0.0698212,292.922,298.611
105,5,42008,17.4373,-13.7003,17.2239,-13.4084,17.3827,-12.8332,16.4653,-5.83979,19.3918,28.1119,66.7408,-0.000362745,0.996475,0.0436779,0.0716162,290.239,296.034
106,4,42040,17.8122,-11.273,18.1077,-11.3732,18.2692,-10.7537,17.4387,-3.81038,19.4218,28.035,66.806,-0.00127135,0.996779,0.0322954,0.0734016,288.928,294.057
107,5,42090,18.2442,-9.69734,18.6843,-10.034,18.8497,-9.3985,18.0739,-2.47477,19.4371,27.9814,66.8584,-0.00143741,0.996832,0.0248622,0.0755397,288.089,292.792
108,5,42140,18.5292,-7.44976,19.0708,-8.70235,19.2365,-8.0651,18.5065,-1.14256,19.441,27.9175,66.8513,-0.00178722,0.996926,0.014146,0.0770408,287.546,291.507
109,5,42140,18.9767,-5.7813,19.0708,-8.70235,19.2365,-8.0651,18.5065,-1.14256,19.4633,27.7983,66.9107,-0.00195304,0.996837,0.00671002,0.0791681,287.546,291.507
110,5,42207,18.9722,-5.90205,19.7381,-4.95914,19.8964,-4.37595,19.2761,2.61182,19.461,27.8795,66.9322,-0.00195304,0.996837,0.00671002,0.0791681,286.707,287.962
111,0,42224,19.2656,-3.60461,19.7381,-4.95914,19.8964,-4.37595,19.2761,2.61182,19.4639,27.7776,66.9052,-0.00230247,0.996731,-0.00400833,0.0806536,286.707,287.962
112,5,42273,18.5133,-2.37052,19.5957,-2.12211,19.7281,-1.6375,19.169,5.47203,19.4533,27.733,66.9441,-0.00353136,0.996972,-0.00974208,0.0770698,287.048,285.237
113,5,42339,19.0997,-0.733911,19.2092,0.0896612,19.3107,0.46754,18.792,7.70812,19.4562,27.734,66.8627,-0.000696591,0.996626,-0.0182397,0.0800228,287.744,283.122
114,5,42339,18.3438,0.558203,19.2092,0.0896612,19.3107,0.46754,18.792,7.70812,19.4383,27.6478,66.8592,-0.00192541,0.996785,-0.0239724,0.0764323,287.744,283.122
115,5,42391,17.0394,2.07368,18.3193,3.18641,18.3618,3.37435,17.8929,10.8468,19.408,27.6095,66.8961,-0.00358925,0.997036,-0.0311769,0.0702481,289.25,280.186
116,8,42390,18.9453,2.21587,18.3193,3.18641,18.3618,3.37435,17.8929,10.8468,19.4389,27.6355,66.767,0.00090943,0.996316,-0.0324672,0.0793755,289.25,280.186
117,5,42457,17.0873,5.40139,16.7464,5.5826,16.7074,5.59065,16.2551,13.2956,19.382,27.5292,66.844,-0.000410179,0.996369,-0.0475453,0.0706214,291.71,277.788
118,8,42456,16.3368,5.28264,16.7464,5.5826,16.7074,5.59065,16.2551,13.2956,19.3693,27.5347,66.758,-0.00241749,0.996649,-0.0468703,0.0669958,291.71,277.788
119,5,42523,15.2381,8.58382,15.0919,7.86978,14.9672,7.68562,14.5286,15.6364,19.3243,27.4213,66.9221,-0.00172966,0.996119,-0.0626088,0.0618457,294.301,275.581
120,8,42523,15.2381,8.58382,15.0919,7.86978,14.9672,7.68562,14.5286,15.6364,19.3243,27.4213,66.9221,-0.00172966,0.996119,-0.0626088,0.0618457,294.301,275.581
121,4,42590,14.875,11.1165,12.845,10.5701,12.6066,10.1342,12.1777,18.4067,19.2969,27.4314,66.6901,0.00314344,0.995325,-0.0757072,0.0598823,297.795,273.094
122,8,42590,14.875,11.1165,12.845,10.5701,12.6066,10.1342,12.1777,18.4067,19.2969,27.4314,66.6901,0.00314344,0.995325,-0.0757072,0.0598823,297.795,273.094
123,5,42689,10.923,11.6168,9.22235,12.7114,8.83489,12.063,8.3525,20.6453,19.2298,27.393,66.7329,0.00141941,0.996121,-0.077932,0.0408421,303.27,270.905
124,5,42689,8.73624,11.3892,9.22235,12.7114,8.83489,12.063,8.3525,20.6453,19.1418,27.3422,66.7881,-6.30144e-05,0.996605,-0.0764092,0.0306695,303.27,270.905
125,4,42740,6.90334,12.1646,7.1748,13.3705,6.71776,12.6583,6.18182,21.3555,19.0994,27.3185,66.816,-0.000305151,0.996547,-0.0801279,0.0217867,306.347,270.161
126,8,42740,6.90335,12.1646,7.1748,13.3705,6.71776,12.6583,6.18182,21.3555,19.0994,27.3185,66.816,-0.000305151,0.996547,-0.0801279,0.0217867,306.347,270.161
127,0,42807,5.0135,13.0654,7.1748,13.3705,6.71776,12.6583,6.18182,21.3555,19.0135,27.2625,66.963,0.00107134,0.996362,-0.0842292,0.0129082,306.347,270.161
128,5,42850,3.52043,14.0709,2.5798,13.9412,2.00574,13.1855,1.29624,22.0345,18.9849,27.2568,66.9483,0.000555003,0.996,-0.0891736,0.00558904,313.25,269.302
129,0,42873,1.98979,15.0858,2.5798,13.9412,2.00574,13.1855,1.29624,22.0345,18.9315,27.2462,66.9208,3.86247e-05,0.99556,-0.0941109,-0.00173053,313.25,269.302
130,5,42890,-0.112787,13.841,1.48028,13.7137,0.891646,12.9864,0.121469,21.8304,18.8524,27.2987,66.8047,9.52929e-05,0.99602,-0.0883604,-0.0117258,314.892,269.374
131,0,42939,-2.13799,12.6567,1.48028,13.7137,0.891646,12.9864,0.121469,21.8304,18.825,27.3169,66.7644,0.000151948,0.996346,-0.082598,-0.0217195,314.892,269.374
132,5,42973,-4.71799,12.1731,-2.79083,12.7985,-3.41106,12.1766,-4.44244,21.0057,18.7536,27.357,66.6892,-0.00144919,0.996169,-0.0804867,-0.034155,321.374,269.885
133,0,43023,-7.26675,11.7041,-2.79083,12.7985,-3.41106,12.1766,-4.44244,21.0057,18.705,27.3843,66.6381,-0.00305009,0.995831,-0.0783624,-0.0465849,321.374,269.885
134,5,43044,-7.23044,10.4821,-4.57406,11.8868,-5.18102,11.3528,-6.35625,20.1281,18.6778,27.3605,66.8828,-0.000762137,0.996337,-0.0719675,-0.0461918,324.098,270.541
135,5,43107,-9.26132,10.0774,-7.24885,10.3484,-7.81519,9.94473,-9.22957,18.6395,18.6381,27.4261,66.6977,-0.00133019,0.995934,-0.0704264,-0.0561558,328.251,271.754
136,5,43107,-9.25442,8.78883,-7.24885,10.3484,-7.81519,9.94473,-9.22957,18.6395,18.586,27.4484,66.7992,0.000957935,0.996389,-0.0640275,-0.05576,328.251,271.754
137,5,43156,-9.19306,8.88051,-9.39368,8.46092,-9.89248,8.1903,-11.5439,16.7875,18.6335,27.3894,66.9159,0.000957935,0.996389,-0.0640275,-0.05576,331.63,273.308
138,0,43189,-11.2656,8.45861,-9.39368,8.46092,-9.89248,8.1903,-11.5439,16.7875,18.5696,27.4688,66.7587,0.000389923,0.99588,-0.0624792,-0.0657178,331.63,273.308
139,5,43223,-11.788,7.3313,-11.4115,6.23103,-11.8181,6.08436,-13.7283,14.5877,18.5213,27.5032,66.8599,0.00102906,0.996057,-0.0570224,-0.0679564,334.847,275.251
140,5,43296,-12.3092,5.26341,-12.6227,4.25326,-12.9449,4.19012,-15.0495,12.6235,18.5404,27.5065,66.8016,0.0005667,0.996399,-0.0467149,-0.0707603,336.829,277.002
141,5,43296,-12.8574,4.09142,-12.6227,4.25326,-12.9449,4.19012,-15.0495,12.6235,18.477,27.5731,66.9114,0.00120581,0.996478,-0.041253,-0.0729922,336.829,277.002
142,4,43341,-13.4198,1.99841,-13.8734,1.40085,-14.0731,1.41748,-16.4265,9.77945,18.4711,27.596,66.9036,0.000743322,0.996644,-0.0309378,-0.0757835,338.973,279.602
143,8,43341,-13.4198,1.99841,-13.8734,1.40085,-14.0731,1.41748,-16.4265,9.77945,18.4711,27.596,66.9036,0.000743322,0.996644,-0.0309378,-0.0757835,338.973,279.602
144,0,43406,-14.3828,-2.22029,-13.8734,1.40085,-14.0731,1.41748,-16.4265,9.77945,18.444,27.7335,66.8061,0.0021582,0.996706,-0.0106681,-0.0803627,338.973,279.602
145,5,43457,-14.3253,-3.09139,-14.8041,-3.423,-14.8096,-3.36869,-17.4937,4.94281,18.4468,27.7558,66.7861,0.00200735,0.996764,-0.00647751,-0.0801017,340.743,284.149
146,4,43474,-14.2563,-4.03084,-14.7139,-6.02377,-14.6281,-5.99301,-17.4384,2.32171,18.4553,27.8228,66.7259,0.00185646,0.996803,-0.00228683,-0.0798393,340.79,286.653
147,5,43523,-14.2164,-6.22228,-14.6858,-6.90135,-14.5694,-6.88628,-17.4224,1.43732,18.4535,27.8547,66.7941,0.00147308,0.996791,0.00844423,-0.0795842,340.807,287.522
148,5,43590,-13.9666,-7.89789,-14.2788,-8.84571,-14.1047,-8.87225,-17.0193,-0.529954,18.4563,27.8728,66.8021,0.00102921,0.996786,0.0166663,-0.0783553,340.258,289.44
149,5,43590,-13.9296,-10.1698,-14.2788,-8.84571,-14.1047,-8.87225,-17.0193,-0.529954,18.4557,27.9536,66.9445,0.000645574,0.99657,0.0273948,-0.0780841,340.258,289.44
150,5,43640,-13.6793,-11.8787,-13.1743,-11.7428,-12.9313,-11.8519,-15.8883,-3.47251,18.4588,27.9886,66.979,0.000201577,0.996407,0.0356133,-0.0768429,338.692,292.368
151,8,43640,-13.6793,-11.8787,-13.1743,-11.7428,-12.9313,-11.8519,-15.8883,-3.47251,18.4588,27.9886,66.979,0.000201577,0.996407,0.0356133,-0.0768429,338.692,292.368
152,5,43707,-11.6483,-15.2784,-12.066,-14.3331,-11.7679,-14.5423,-14.7485,-6.10613,18.531,28.07,66.8807,0.000420455,0.996386,0.0519435,-0.0672103,337.072,295.096
153,8,43707,-11.6483,-15.2784,-12.066,-14.3331,-11.7679,-14.5423,-14.7485,-6.10613,18.531,28.07,66.8807,0.000420455,0.996386,0.0519435,-0.0672103,337.072,295.096
154,5,43790,-11.0814,-17.6475,-9.74755,-17.1408,-9.42533,-17.4558,-12.323,-8.98621,18.5863,28.1772,66.7649,-0.000387288,0.995919,0.0627425,-0.0648825,333.465,298.077
155,8,43790,-11.0814,-17.6475,-9.74755,-17.1408,-9.42533,-17.4558,-12.323,-8.98621,18.5863,28.1772,66.7649,-0.000387288,0.995919,0.0627425,-0.0648825,333.465,298.077
156,5,43857,-7.07196,-20.4008,-7.57304,-19.2846,-7.24414,-19.6833,-10.0404,-11.1945,18.6588,28.2007,66.9493,0.000944763,0.996056,0.0763603,-0.0451685,330.003,300.442
157,8,43857,-7.07196,-20.4008,-7.57304,-19.2846,-7.24414,-19.6833,-10.0404,-11.1945,18.6588,28.2007,66.9493,0.000944763,0.996056,0.0763603,-0.0451685,330.003,300.442
158,5,43923,-6.44981,-20.9976,-4.90696,-20.8831,-4.59761,-21.3163,-7.22567,-12.8647,18.6742,28.2268,66.896,0.000170746,0.995972,0.0790545,-0.0423072,325.758,302.218
159,0,43940,-5.74617,-21.7158,-4.90696,-20.8831,-4.59761,-21.3163,-7.22567,-12.8647,18.7338,28.3282,66.6891,-0.000603275,0.995872,0.0817475,-0.0394452,325.758,302.218
160,5,44007,-2.11423,-21.52,-1.74009,-22.0271,-1.46598,-22.4421,-3.87033,-14.0886,18.8227,28.3305,66.7437,0.000503978,0.996478,0.080972,-0.0217984,320.598,303.628
161,8,44007,-2.11423,-21.52,-1.74009,-22.0271,-1.46598,-22.4421,-3.87033,-14.0886,18.8227,28.3305,66.7437,0.000503978,0.996478,0.080972,-0.0217984,320.598,303.628
162,5,44073,-0.239677,-21.9362,1.12326,-22.5313,1.3633,-22.885,-0.82824,-14.6614,18.8443,28.3274,66.7762,0.000190443,0.996465,0.0830506,-0.0126393,315.936,304.332
163,0,44090,1.7245,-22.3378,1.12326,-22.5313,1.3633,-22.885,-0.82824,-14.6614,18.9285,28.3151,66.9025,-0.00012311,0.996364,0.0851219,-0.00347915,315.936,304.332
164,5,44140,3.05379,-22.7421,3.95597,-22.3892,4.16097,-22.6306,2.19136,-14.5826,18.9474,28.3062,66.9316,-0.000790049,0.996191,0.0871465,0.00289382,311.316,304.346
165,0,44157,4.43718,-23.1187,3.95597,-22.3892,4.16097,-22.6306,2.19136,-14.5826,19.0031,28.2801,67.0172,-0.00145695,0.995973,0.0891671,0.00926667,311.316,304.346
166,5,44206,6.455,-22.0525,6.76655,-21.7598,6.94246,-21.8566,5.19505,-14.0125,19.0316,28.2836,66.9777,-0.000749337,0.996285,0.0839346,0.0192731,306.75,303.861
167,0,44223,8.56171,-21.0104,6.76655,-21.7598,6.94246,-21.8566,5.19505,-14.0125,19.1135,28.2937,66.8637,-4.16269e-05,0.996469,0.0786914,0.029277,306.75,303.861
168,5,44290,9.09863,-20.3108,10.1161,-20.5036,10.2714,-20.4055,8.78274,-12.8236,19.1319,28.2776,66.8914,-0.000938425,0.996645,0.075432,0.0317602,301.365,302.799
169,0,44307,9.70781,-19.5368,10.1161,-20.5036,10.2714,-20.4055,8.78274,-12.8236,19.2041,28.2141,67.0004,-0.00183521,0.996803,0.0721713,0.0342428,301.365,302.799
170,5,44374,11.9087,-18.9611,13.0609,-18.4819,13.2084,-18.1828,11.9512,-10.8545,19.2244,28.2133,66.9549,-0.00093106,0.99658,0.069204,0.0451464,296.661,300.895
171,5,44457,13.5942,-16.8306,15.6349,-16.0518,15.7889,-15.5826,14.7311,-8.46567,19.255,28.1885,66.9292,-0.00080665,0.996833,0.058844,0.0534797,292.644,298.611
172,5,44457,15.9396,-16.2441,15.6349,-16.0518,15.7889,-15.5826,14.7311,-8.46567,19.3513,28.1679,66.7436,9.77868e-05,0.996361,0.055861,0.0643714,292.644,298.611
173,5,44526,16.6587,-14.1556,16.9207,-14.2183,17.0805,-13.6663,16.1296,-6.64853,19.3471,28.161,66.7737,0.00100636,0.996629,0.0455024,0.068261,290.679,296.855
174,5,44526,18.4629,-11.9117,16.9207,-14.2183,17.0805,-13.6663,16.1296,-6.64853,19.4425,28.0462,66.7759,0.00113071,0.996445,0.0351196,0.0765675,290.679,296.855
175,5,44592,18.5043,-11.2034,18.1464,-11.2692,18.3079,-10.6481,17.4815,-3.70645,19.4267,28.0493,66.745,-0.000282549,0.996542,0.0317041,0.0768095,288.871,293.966
176,5,44592,19.2945,-9.01055,18.1464,-11.2692,18.3079,-10.6481,17.4815,-3.70645,19.4596,27.9617,66.7979,0.000625776,0.996512,0.021334,0.0806776,288.871,293.966
177,5,44657,19.0649,-6.66932,19.303,-8.41223,19.4733,-7.77304,18.7584,-0.855674,19.4602,27.9007,66.909,-0.000358847,0.996768,0.0102306,0.0796761,287.207,291.276
178,5,44657,19.1212,-5.78965,19.303,-8.41223,19.4733,-7.77304,18.7584,-0.855674,19.4638,27.7893,66.995,-0.00177208,0.996777,0.00681322,0.0799113,287.207,291.276
179,5,44707,19.1309,-5.96172,19.6579,-5.52175,19.8178,-4.92536,19.1819,2.04707,19.4616,27.9008,66.8472,-0.00177208,0.996777,0.00681323,0.0799113,286.789,288.49
180,0,44724,18.8983,-3.49511,19.6579,-5.52175,19.8178,-4.92536,19.1819,2.04707,19.4646,27.7514,67.0453,-0.00275655,0.99687,-0.0042916,0.0788967,286.789,288.49
181,5,44757,19.2612,-1.76965,19.7015,-3.37381,19.847,-2.84032,19.262,4.20913,19.4703,27.7411,66.9342,-0.00126576,0.996653,-0.0130299,0.0806973,286.82,286.426
182,5,44823,18.8773,-0.367968,19.3864,-0.408135,19.4982,-0.00333142,18.973,7.2028,19.4585,27.7068,66.9715,-0.00125216,0.996681,-0.0198012,0.0789479,287.462,283.604
183,5,44823,19.2492,1.4054,19.3864,-0.408135,19.4982,-0.00333142,18.973,7.2028,19.4582,27.6638,66.8263,0.000238838,0.996327,-0.0285373,0.0807376,287.462,283.604
184,5,44910,18.8978,2.47097,18.2106,3.14588,18.2494,3.3358,17.7764,10.8085,19.4573,27.6942,66.7473,0.000152243,0.996292,-0.0341185,0.0789805,289.404,280.186
185,5,44910,18.5039,3.94439,18.2106,3.14588,18.2494,3.3358,17.7764,10.8085,19.4256,27.6091,66.6728,0.000165935,0.996175,-0.0408859,0.0772196,289.404,280.186
186,5,44957,18.1371,5.06661,17.228,5.17561,17.2109,5.21666,16.7616,12.8748,19.4095,27.6005,66.5537,7.93305e-05,0.996066,-0.0464642,0.0754566,290.971,278.244
187,8,44957,18.1371,5.06661,17.228,5.17561,17.2109,5.21666,16.7616,12.8748,19.4095,27.6005,66.5537,7.93305e-05,0.996066,-0.0464642,0.0754566,290.971,278.244
188,5,45023,16.7227,6.71755,15.4756,7.63398,15.3676,7.47092,14.9336,15.3902,19.392,27.5638,66.6294,-0.000847972,0.996158,-0.0544067,0.0686149,293.709,275.87
189,0,45040,15.2203,8.53097,15.4756,7.63398,15.3676,7.47092,14.9336,15.3902,19.3239,27.4213,66.923,-0.00177518,0.99614,-0.0623431,0.0617655,293.709,275.87
190,5,45090,13.6102,9.62096,13.2362,10.1472,13.0172,9.75245,12.5878,17.972,19.3042,27.4105,66.9099,-0.00120753,0.99624,-0.0678252,0.0538875,297.194,273.471
191,0,45107,11.9524,10.7436,13.2362,10.1472,13.0172,9.75245,12.5878,17.972,19.2465,27.3786,66.8714,-0.000639771,0.996248,-0.0733009,0.0460046,297.194,273.471
192,5,45157,11.3126,10.4084,11.1282,11.9216,10.8128,11.3513,10.3702,19.8067,19.2366,27.3802,66.8429,-0.000287255,0.996504,-0.0716954,0.042899,300.401,271.79
193,0,45173,10.6474,10.0671,11.1282,11.9216,10.8128,11.3513,10.3702,19.8067,19.2057,27.385,66.7538,6.52634e-05,0.996747,-0.070089,0.0397928,300.401,271.79
194,5,45240,8.53477,11.822,7.74707,13.1535,7.30956,12.4626,6.78799,21.1239,19.1628,27.3633,66.7585,-0.000277654,0.996461,-0.0787228,0.0294758,305.476,270.382
195,5,45306,7.08905,12.337,4.97861,13.9059,4.45613,13.1442,3.85087,21.9445,19.1406,27.356,66.7569,0.000797787,0.996438,-0.0813069,0.0223411,309.637,269.543
196,5,45306,4.85515,14.1597,4.97861,13.9059,4.45613,13.1442,3.85087,21.9445,19.0119,27.2956,66.7661,0.000454737,0.995877,-0.0899186,0.012017,309.637,269.543
197,5,45357,3.38684,14.6971,2.9169,13.4357,2.36064,12.7321,1.64737,21.5178,18.9706,27.2804,66.765,0.00152997,0.995701,-0.0924897,0.00487983,312.731,269.656
198,8,45357,3.38684,14.6971,2.9169,13.4357,2.36064,12.7321,1.64737,21.5178,18.9706,27.2804,66.765,0.00152997,0.995701,-0.0924897,0.00487983,312.731,269.656
199,5,45423,0.309159,13.6046,0.0840632,13.5354,-0.522129,12.8317,-1.36856,21.6825,18.9212,27.2882,66.7848,0.000385551,0.996146,-0.0871184,-0.0101301,317.007,269.428
200,5,45507,-1.44429,12.94,-3.38381,12.3947,-3.99779,11.8123,-5.08043,20.6125,18.9223,27.2954,66.7631,-0.000149707,0.996297,-0.0838609,-0.0189449,322.277,270.157
201,5,45507,-4.6517,11.8137,-3.38381,12.3947,-3.99779,11.8123,-5.08043,20.6125,18.7753,27.3271,66.7971,-0.00129418,0.996339,-0.078455,-0.0339489,322.277,270.157
202,5,45559,-5.84376,10.8926,-4.7738,11.8552,-5.38077,11.3243,-6.5695,20.1008,18.7332,27.3527,66.7911,-0.000412574,0.996469,-0.0740015,-0.0396708,324.41,270.57
203,5,45559,-7.73751,10.1619,-4.7738,11.8552,-5.38077,11.3243,-6.5695,20.1008,18.6354,27.4053,66.7496,-0.000947705,0.996317,-0.0707199,-0.0484768,324.41,270.57
204,5,45623,-7.65918,10.2113,-7.95343,9.99116,-8.50734,9.61473,-9.98569,18.2958,18.6884,27.3722,66.7535,-0.000947705,0.996317,-0.0707199,-0.0484768,329.34,272.061
205,0,45640,-8.89273,9.26984,-7.95343,9.99116,-8.50734,9.61473,-9.98569,18.2958,18.6197,27.4151,66.7485,-6.60731e-05,0.99633,-0.066258,-0.0541935,329.34,272.061
206,5,45691,-10.3679,8.47187,-10.0966,7.90642,-10.5721,7.6695,-12.3013,16.245,18.6049,27.433,66.7421,-0.000686667,0.996156,-0.0623839,-0.0614856,332.729,273.81
207,0,45708,-11.8873,7.61803,-10.0966,7.90642,-10.5721,7.6695,-12.3013,16.245,18.5606,27.4866,66.7232,-0.00130721,0.995915,-0.0585055,-0.0687734,332.729,273.81
208,5,45759,-11.9059,6.49792,-12.0293,5.29539,-12.3962,5.19122,-14.401,13.6595,18.5475,27.4937,66.7649,-0.000142342,0.996229,-0.0528718,-0.0687898,335.852,276.085
209,0,45773,-11.9875,5.35587,-12.0293,5.29539,-12.3962,5.19122,-14.401,13.6595,18.4999,27.5194,66.917,0.00102253,0.996511,-0.0472364,-0.068804,335.852,276.085
210,5,45823,-12.7376,3.84137,-13.3495,2.92183,-13.613,2.90112,-15.8446,11.2992,18.4887,27.5469,66.9285,0.000646212,0.996573,-0.0398439,-0.0724845,338.036,278.224
211,5,45873,-12.9001,2.1572,-13.8259,0.998484,-14.0123,1.02446,-16.3823,9.37318,18.4757,27.6035,66.9058,0.00117326,0.996809,-0.0317709,-0.0732165,338.936,279.949
212,5,45873,-13.6769,0.537852,-13.8259,0.998484,-14.0123,1.02446,-16.3823,9.37318,18.4462,27.7006,66.9006,0.000796787,0.996742,-0.0243737,-0.0768875,338.936,279.949
213,5,45964,-13.4611,-1.83175,-14.7614,-3.40945,-14.7686,-3.3545,-17.448,4.95549,18.4664,27.6861,66.966,0.00132631,0.997037,-0.0123059,-0.0759186,340.683,284.123
214,5,45964,-13.6315,-3.60328,-14.7614,-3.40945,-14.7686,-3.3545,-17.448,4.95549,18.4541,27.8018,66.969,0.0018531,0.997049,-0.00422808,-0.0766338,340.683,284.123
215,0,46044,-13.6976,-5.42581,-14.7065,-6.78525,-14.5936,-6.76819,-17.4425,1.55471,18.4513,27.819,66.9132,0.000876736,0.99702,0.00470467,-0.0769929,340.807,287.424
216,8,46040,-13.4432,-6.03347,-14.7065,-6.78525,-14.5936,-6.76819,-17.4425,1.55471,18.4587,27.8247,66.9942,0.00238224,0.997101,0.0078417,-0.0756464,340.807,287.424
217,5,46107,-13.5061,-7.86499,-14.0385,-9.80153,-13.8376,-9.85405,-16.7784,-1.49795,18.4602,27.8465,66.9847,0.00140588,0.996966,0.0167738,-0.0759972,339.965,290.407
218,5,46173,-12.3706,-10.6046,-13.0553,-12.5499,-12.7881,-12.6928,-15.7743,-4.28796,18.4809,27.8858,66.9909,0.00174473,0.99706,0.0302226,-0.0703958,338.562,293.233
219,5,46173,-12.396,-12.5759,-13.0553,-12.5499,-12.7881,-12.6928,-15.7743,-4.28796,18.5033,27.9929,66.9635,0.000767934,0.996726,0.0391501,-0.0707325,338.562,293.233
220,5,46224,-11.9102,-13.8691,-11.8968,-14.5584,-11.5962,-14.7757,-14.5718,-6.33689,18.5292,28.0487,66.8543,0.000576911,0.996627,0.0451345,-0.0685351,336.801,295.304
221,8,46223,-11.2362,-15.3583,-11.8968,-14.5584,-11.5962,-14.7757,-14.5718,-6.33689,18.5399,28.0483,66.9821,0.0011063,0.996491,0.0525875,-0.065108,336.801,295.304
222,5,46289,-10.7717,-16.6164,-10.0276,-16.9745,-9.70269,-17.2867,-12.6187,-8.81235,18.5539,28.0773,66.9311,0.000915248,0.996299,0.0585672,-0.0629045,333.903,297.883
223,0,46307,-10.2388,-18.0007,-10.0276,-16.9745,-9.70269,-17.2867,-12.6187,-8.81235,18.6053,28.1839,66.7439,0.000724161,0.996067,0.0645446,-0.0606984,333.903,297.883
224,5,46373,-6.96256,-20.3317,-7.4271,-19.4666,-7.09661,-19.8742,-9.88784,-11.3811,18.6615,28.1945,66.9802,0.00103754,0.996102,0.0760856,-0.0446191,329.786,300.627
225,8,46373,-6.96256,-20.3317,-7.4271,-19.4666,-7.09661,-19.8742,-9.88784,-11.3811,18.6615,28.1945,66.9802,0.00103754,0.996102,0.0760856,-0.0446191,329.786,300.627
226,5,46440,-4.66176,-20.7642,-4.64879,-20.8738,-4.34552,-21.2975,-6.95052,-12.8612,18.7264,28.246,66.9151,0.00120672,0.996393,0.0779027,-0.0336254,325.329,302.183
227,0,46490,-2.32723,-21.2305,-4.64879,-20.8738,-4.34552,-21.2975,-6.95052,-12.8612,18.8133,28.315,66.8278,0.00137575,0.99656,0.0797102,-0.0226275,325.329,302.183
228,5,46524,-1.05304,-21.5466,-1.59366,-21.946,-1.3242,-22.3493,-3.71308,-14.0102,18.8481,28.3227,66.8099,0.00150896,0.99656,0.0812051,-0.0165138,320.356,303.53
229,5,46573,0.41335,-22.4526,0.368089,-22.189,0.611185,-22.5425,-1.62726,-14.2996,18.8718,28.325,66.8433,0.00088375,0.996285,0.0855854,-0.00947617,317.163,303.864
230,5,46573,1.75263,-22.7822,0.368089,-22.189,0.611185,-22.5425,-1.62726,-14.2996,18.9482,28.339,66.8503,0.00101688,0.996196,0.0870729,-0.00336127,317.163,303.864
231,5,46623,3.22537,-23.6956,2.66102,-22.468,2.88054,-22.7616,0.810759,-14.6325,18.9688,28.3416,66.869,0.000391564,0.995804,0.0914429,0.0036771,313.427,304.357
232,8,46623,3.22537,-23.6956,2.66102,-22.468,2.88054,-22.7616,0.810759,-14.6325,18.9688,28.3416,66.869,0.000391564,0.995804,0.0914429,0.0036771,313.427,304.357
233,5,46707,5.53017,-23.2217,6.26796,-22.0218,6.45053,-22.1544,4.65984,-14.2651,18.9888,28.3425,66.8478,7.70688e-05,0.995909,0.0891147,0.0149675,307.564,304.125
234,0,46723,7.97455,-22.7624,6.26796,-22.0218,6.45053,-22.1544,4.65984,-14.2651,19.0938,28.3467,66.7366,-0.000237437,0.995882,0.0867747,0.0262559,307.564,304.125
235,5,46773,9.07651,-22.124,8.90077,-21.2246,9.06466,-21.212,7.4768,-13.5221,19.1099,28.3403,66.7352,4.38588e-05,0.995988,0.0836801,0.0317002,303.32,303.458
236,0,46790,10.2272,-21.4699,8.90077,-21.2246,9.06466,-21.212,7.4768,-13.5221,19.1575,28.3214,66.7312,0.000325152,0.996056,0.0805823,0.0371433,303.32,303.458
237,5,46873,12.178,-19.4952,12.5698,-19.0573,12.7198,-18.801,11.419,-11.4228,19.1825,28.3091,66.7135,0.000861927,0.996379,0.0709272,0.0468762,297.462,301.483
238,5,46933,13.5453,-18.8763,14.578,-17.0466,14.7267,-16.6419,13.5898,-9.44351,19.2042,28.2866,66.7217,0.000312786,0.996252,0.0680148,0.0534447,294.291,299.517
239,5,46933,15.6725,-16.8203,14.578,-17.0466,14.7267,-16.6419,13.5898,-9.44351,19.3366,28.2073,66.6563,0.000849435,0.996296,0.0583401,0.0631635,294.291,299.517
240,5,46973,17.0644,-16.1689,15.7682,-15.7751,15.9217,-15.2937,14.8776,-8.19004,19.3712,28.1625,66.6879,0.000300286,0.996026,0.0554184,0.0697235,292.442,298.336
241,8,46973,17.0644,-16.1689,15.7682,-15.7751,15.9217,-15.2937,14.8776,-8.19004,19.3712,28.1625,66.6879,0.000300286,0.996026,0.0554184,0.0697235,292.442,298.336
242,5,47040,17.0712,-14.3973,17.3782,-13.2082,17.5385,-12.626,16.6328,-5.64172,19.3804,28.136,66.7341,-0.000569732,0.996453,0.0469796,0.0698155,290.011,295.855
243,4,47057,17.1073,-12.5114,18.3108,-11.2833,18.4765,-10.6586,17.6564,-3.72436,19.4166,28.0318,66.9164,-0.00143971,0.996808,0.0385373,0.0699025,288.624,294.005
244,5,47107,17.6894,-10.3739,18.6325,-10.6138,18.8011,-9.97967,18.0096,-3.05754,19.4261,28.0003,66.9387,-0.00128408,0.996942,0.0281148,0.072902,288.152,293.376
245,4,47123,18.3036,-8.14075,19.1797,-8.34036,19.3459,-7.70425,18.6283,-0.780505,19.4557,27.9019,67.0085,-0.0011283,0.996958,0.0176891,0.075893,287.403,291.179
246,5,47173,18.6648,-6.63769,19.359,-7.59558,19.5249,-6.96491,18.8309,-0.034548,19.4581,27.8705,66.9949,-0.00110296,0.99692,0.0103961,0.0777283,287.163,290.475
247,5,47239,19.0809,-4.45066,19.6551,-4.68423,19.8087,-4.10993,19.192,2.89054,19.462,27.8581,66.9398,-0.000565604,0.996807,-0.000530376,0.0798435,286.829,287.67
248,5,47239,19.4661,-2.88851,19.6551,-4.68423,19.8087,-4.10993,19.192,2.89054,19.4708,27.7837,66.8585,-0.00054017,0.996629,-0.00782408,0.0816678,286.829,287.67
249,5,47290,19.902,-0.684583,19.6887,-2.38062,19.8263,-1.88441,19.264,5.20959,19.4766,27.7584,66.7836,-2.71527e-06,0.996309,-0.0187497,0.0837662,286.889,285.503
250,8,47290,19.902,-0.684583,19.6887,-2.38062,19.8263,-1.88441,19.264,5.20959,19.4766,27.7584,66.7836,-2.71527e-06,0.996309,-0.0187497,0.0837662,286.889,285.503
251,5,47357,19.6041,0.699013,19.0086,0.690308,19.0979,1.03442,18.5878,8.31755,19.4752,27.7339,66.7856,2.40224e-05,0.996279,-0.0255051,0.0823265,288.079,282.52
252,0,47374,19.3035,2.18987,19.0086,0.690308,19.0979,1.03442,18.5878,8.31755,19.4698,27.6376,66.7934,5.07588e-05,0.996201,-0.0322594,0.0808827,288.079,282.52
253,5,47423,18.6065,4.51285,18.1409,3.11072,18.1774,3.30251,17.7016,10.7747,19.4578,27.6134,66.8167,6.29029e-05,0.996032,-0.0437246,0.0775149,289.502,280.202
254,0,47440,17.8803,6.9071,18.1409,3.11072,18.1774,3.30251,17.7016,10.7747,19.4231,27.5437,66.884,7.50381e-05,0.99572,-0.0551836,0.0741361,289.502,280.202
255,5,47490,17.2241,6.18852,16.8045,6.08608,16.7624,6.0549,16.3249,13.8013,19.4084,27.5369,66.8472,-0.000227481,0.996139,-0.0515509,0.0710613,291.658,277.414
256,0,47507,16.5336,5.48839,16.8045,6.08608,16.7624,6.0549,16.3249,13.8013,19.3651,27.5168,66.7389,-0.000529995,0.996535,-0.0479169,0.0679849,291.658,277.414
257,5,47573,15.6985,7.05539,14.5491,8.52297,14.3971,8.2803,13.9607,16.3065,19.3551,27.5045,66.7287,-0.000143961,0.9964,-0.0557325,0.0638752,295.126,274.954
258,0,47590,14.8276,8.67621,14.5491,8.52297,14.3971,8.2803,13.9607,16.3065,19.316,27.4566,66.6888,0.000242085,0.996188,-0.0635437,0.0597604,295.126,274.954
259,5,47640,12.5745,9.65374,12.0958,11.1123,11.8244,10.6232,11.3881,18.9697,19.2727,27.413,66.7643,-8.04753e-05,0.996475,-0.0681537,0.04891,298.93,272.558
260,0,47590,14.8276,8.67621,9.5826,12.5923,9.20796,11.9555,8.73436,20.5172,19.316,27.4566,66.6888,0.000242085,0.996188,-0.0635437,0.0597604,302.725,271.054
261,0,47672,10.2919,10.6685,9.5826,12.5923,9.20796,11.9555,8.73436,20.5172,19.2051,27.3448,66.8822,-0.000403024,0.996624,-0.0727543,0.0380527,302.725,271.054
