i,Qual,tx,ty,o1x,o1y,o2x,o2y,o3x,o3y,px,py,pz,qx,qy,qz,qw
0,0,-1.64939,-25.4653,-6.14315,-6.82522,5919910000000000,-1.87379,-6.3414,-13.8433,18.9527,49.1626,50.6391,0.0295454,0.987308,-0.155993,-0.00397789
1,0,-1.77672,-25.7945,-6.14315,-6.82522,5919910000000000,-1.87379,-6.3414,-13.8433,19.1661,49.2329,50.7423,0.0300876,0.987513,-0.154519,-0.00606293
2,0,-1.77672,-25.7945,-5.54438,-6.88568,5919910000000000,-1.87379,-5.62278,-13.9553,19.1661,49.2329,50.7423,0.0300876,0.987513,-0.154519,-0.00606293
3,0,-1.24471,-26.7531,-5.54438,-6.88568,5919910000000000,-1.87379,-5.62278,-13.9553,19.2023,49.1936,50.6133,0.0293626,0.988192,-0.150332,-0.00376968
4,0,-1.5148,-26.5532,-5.54438,-6.88568,5919910000000000,-1.87379,-5.62278,-13.9553,19.2582,49.2435,50.6963,0.0297399,0.988033,-0.151248,-0.00548347
5,0,-1.24853,-27.23,-5.54438,-6.88568,5919910000000000,-1.87379,-5.62278,-13.9553,19.3028,49.2138,50.5929,0.0296102,0.988486,-0.14832,-0.00444108
6,0,-1.24853,-27.23,-5.78366,-7.39653,5919910000000000,-1.87379,-6.16113,-14.6436,19.3028,49.2138,50.5929,0.0296102,0.988486,-0.14832,-0.00444108
7,0,-1.36969,-27.198,-5.78366,-7.39653,5919910000000000,-1.87379,-6.16113,-14.6436,19.3444,49.222,50.6139,0.0302973,0.988446,-0.148426,-0.00511113
8,5,-2.69213,-25.4971,-5.40647,-7.42902,-5.40999,-7.51438,-5.70582,-14.7064,19.2545,48.974,50.5331,0.0337155,0.987297,-0.154927,-0.0102494
9,8,-2.69213,-25.4971,-5.40647,-7.42902,-5.40999,-7.51438,-5.70582,-14.7064,19.2545,48.974,50.5331,0.0337155,0.987297,-0.154927,-0.0102494
10,5,-2.65508,-26.5983,-6.14484,2.27351,-6.09668,2.23034,-2.07192,-1.37668,18.9232,48.6817,49.9778,0.0282089,0.988223,-0.150072,-0.00990642
11,0,-3.02418,-26.3984,-6.14484,2.27351,-6.09668,2.23034,-2.07192,-1.37668,18.8765,48.6573,49.9318,0.0282231,0.988064,-0.150995,-0.0115326
12,0,-3.48627,-26.221,-6.14484,2.27351,-6.09668,2.23034,-2.07192,-1.37668,18.8088,48.6576,49.9667,0.0290446,0.987924,-0.151627,-0.0130945
13,0,-3.82377,-27.0272,-6.14484,2.27351,-6.09668,2.23034,-2.07192,-1.37668,18.7653,48.6106,49.8473,0.028356,0.988471,-0.147994,-0.0148037
14,5,-4.68582,-27.2321,-7.55942,-8.16716,-7.57321,-8.2543,-8.73826,-15.6132,18.533,48.5468,49.6158,0.0291258,0.9885,-0.147391,-0.0171903
15,8,-4.7795,-26.7294,-7.55942,-8.16716,-7.57321,-8.2543,-8.73826,-15.6132,18.5213,48.5294,49.5675,0.0292739,0.988125,-0.149807,-0.0176042
16,0,-4.62009,-27.1977,-7.55942,-8.16716,-7.57321,-8.2543,-8.73826,-15.6132,18.4787,48.5363,49.571,0.028747,0.988481,-0.147662,-0.0165776
17,5,-4.94939,-27.1304,-8.09194,-8.31298,-8.10807,-8.40038,-9.47107,-15.7871,18.4247,48.4867,49.4782,0.028615,0.98841,-0.147996,-0.0179926
18,8,-4.84663,-27.2749,-8.09194,-8.31298,-8.10807,-8.40038,-9.47107,-15.7871,18.4662,48.5313,49.5702,0.0292319,0.988515,-0.147239,-0.0174574
19,5,-5.44204,-27.0641,-8.43138,-8.44285,-8.4492,-8.53057,-9.95551,-15.9486,18.4119,48.5017,49.5231,0.0294213,0.988318,-0.148175,-0.0201514
20,8,-5.2487,-27.0618,-8.43138,-8.44285,-8.4492,-8.53057,-9.95551,-15.9486,18.3916,48.4563,49.4214,0.0284828,0.988337,-0.14833,-0.0194075
21,4,-6.07806,-26.8521,-8.68995,-8.52566,-8.70896,-8.61358,-10.317,-16.0495,18.3305,48.4573,49.4523,0.0296105,0.988113,-0.14911,-0.0228453
22,5,-6.77377,-26.9319,-8.87586,-8.58475,-8.89573,-8.67279,-10.5766,-16.1214,18.2771,48.4509,49.4646,0.0310374,0.98809,-0.148547,-0.0254612
23,8,-6.98686,-26.9986,-8.87586,-8.58475,-8.89573,-8.67279,-10.5766,-16.1214,18.2264,48.4071,49.3883,0.0312066,0.988117,-0.148222,-0.0261181
24,0,-7.63529,-26.9668,-8.87586,-8.58475,-8.89573,-8.67279,-10.5766,-16.1214,18.1168,48.4318,49.5016,0.032464,0.988058,-0.147983,-0.0280769
25,5,-10.5398,-26.8732,-9.30199,-8.47608,-9.3225,-8.56339,-11.0572,-15.9518,17.8401,48.4364,49.5063,0.0363435,0.987516,-0.148095,-0.0394975
26,8,-10.0086,-26.6846,-9.30199,-8.47608,-9.3225,-8.56339,-11.0572,-15.9518,17.9506,48.4,49.4389,0.0351775,0.987456,-0.149116,-0.0381746
27,5,-13.3134,-27.1741,-9.88806,-8.11025,-9.90825,-8.19567,-11.6166,-15.4221,17.6622,48.4398,49.5017,0.0403793,0.987093,-0.14641,-0.0508092
28,8,-13.3342,-26.7882,-9.88806,-8.11025,-9.90825,-8.19567,-11.6166,-15.4221,17.6425,48.4397,49.5096,0.0402178,0.986829,-0.148186,-0.0509124
29,5,-16.5945,-26.9605,-11.504,-8.54561,-11.5312,-8.63177,-13.837,-15.9401,17.4865,48.4668,49.548,0.0452551,0.985997,-0.147012,-0.0644089
30,8,-16.8342,-27.6622,-11.504,-8.54561,-11.5312,-8.63177,-13.837,-15.9401,17.2586,48.4956,49.5897,0.0455733,0.986538,-0.143676,-0.063434
31,4,-20.4317,-27.1316,-13.1252,-8.7118,-13.1579,-8.79755,-15.9376,-16.0891,16.9925,48.5529,49.6698,0.0502829,0.984959,-0.145808,-0.077892
32,5,-22.7328,-27.2405,-14.0204,-8.78982,-14.056,-8.87529,-17.0909,-16.1525,16.8892,48.5661,49.6835,0.0537117,0.984104,-0.145056,-0.0872532
33,8,-24.2887,-27.961,-14.0204,-8.78982,-14.056,-8.87529,-17.0909,-16.1525,16.7327,48.5357,49.5653,0.0550748,0.983956,-0.141925,-0.0930334
34,8,-25.3515,-27.355,-14.0204,-8.78982,-14.056,-8.87529,-17.0909,-16.1525,16.6049,48.6024,49.7214,0.0571351,0.98315,-0.14429,-0.0966055
35,5,-27.7686,-27.4234,-17.3773,-9.25872,-17.4248,-9.34369,-21.499,-16.6319,16.4308,48.6119,49.7318,0.0606777,0.982097,-0.143665,-0.105662
36,8,-27.9387,-28.1221,-17.3773,-9.25872,-17.4248,-9.34369,-21.499,-16.6319,16.3668,48.6194,49.7499,0.0604933,0.982554,-0.140481,-0.105799
37,0,-30.3772,-27.4911,-17.3773,-9.25872,-17.4248,-9.34369,-21.499,-16.6319,16.1586,48.6269,49.7481,0.0642145,0.98095,-0.143026,-0.114708
38,5,-32.4272,-27.274,-20.4232,-9.31285,-20.4793,-9.39579,-25.3244,-16.5581,16.0415,48.613,49.7335,0.0668892,0.979703,-0.143756,-0.122648
39,8,-31.6466,-27.5046,-20.4232,-9.31285,-20.4793,-9.39579,-25.3244,-16.5581,16.0595,48.6475,49.8017,0.066273,0.980335,-0.142658,-0.119168
40,0,-34.5746,-27.0527,-20.4232,-9.31285,-20.4793,-9.39579,-25.3244,-16.5581,15.8793,48.5938,49.7134,0.069559,0.978385,-0.144476,-0.130579
41,5,-35.6107,-27.1057,-27.0779,-9.63483,-27.1531,-9.71389,-33.7775,-16.676,15.81,48.6029,49.7773,0.0711032,0.977867,-0.143876,-0.134242
42,8,-35.9993,-26.9187,-27.0779,-9.63483,-27.1531,-9.71389,-33.7775,-16.676,15.7085,48.6072,49.8436,0.0717475,0.977635,-0.144369,-0.135056
43,8,-36.8255,-27.0902,-27.0779,-9.63483,-27.1531,-9.71389,-33.7775,-16.676,15.6367,48.6255,49.9372,0.0726463,0.977332,-0.143275,-0.137903
44,5,-41.8041,-25.7397,-33.1797,-9.35756,-33.2686,-9.43062,-41.2598,-15.9997,15.1954,48.5269,50.034,0.07909,0.973586,-0.147576,-0.15523
45,8,-41.9702,-26.16,-33.1797,-9.35756,-33.2686,-9.43062,-41.2598,-15.9997,15.2118,48.457,49.8486,0.078862,0.973708,-0.146063,-0.156012
46,5,-42.947,-25.2829,-35.4871,-8.99763,-35.5797,-9.06743,-43.9693,-15.3945,15.1498,48.4594,49.9051,0.080576,0.972457,-0.149523,-0.15962
47,8,-43.4133,-25.1113,-35.4871,-8.99763,-35.5797,-9.06743,-43.9693,-15.3945,15.0599,48.4977,50.0867,0.0807962,0.972164,-0.149824,-0.161
48,0,-44.1296,-24.3092,-35.4871,-8.99763,-35.5797,-9.06743,-43.9693,-15.3945,14.9683,48.4665,50.0703,0.0822876,0.971177,-0.152979,-0.163223
49,5,-44.7938,-23.8565,-36.7076,-10.4646,-36.81,-10.539,-46.1806,-17.3452,14.8683,48.4624,50.149,0.0836648,0.970534,-0.154379,-0.16502
50,8,-44.4877,-22.6401,-36.7076,-10.4646,-36.81,-10.539,-46.1806,-17.3452,14.8831,48.4383,50.075,0.0831809,0.969733,-0.160055,-0.164564
51,5,-46.0654,-22.804,-31.5785,-24.4414,-31.7322,-24.5695,-46.3436,-36.7445,14.8247,48.3995,50.0236,0.0852393,0.968768,-0.158973,-0.170147
52,8,-45.4169,-23.4222,-31.5785,-24.4414,-31.7322,-24.5695,-46.3436,-36.7445,14.7932,48.4593,50.208,0.0850413,0.969883,-0.155778,-0.166816
53,5,-45.8567,-22.799,-32.3717,-29.4708,-32.5469,-29.6136,-49.6943,-43.597,14.7579,48.4242,50.1952,0.0857579,0.96913,-0.158259,-0.168483
54,8,-47.7047,-22.963,-32.3717,-29.4708,-32.5469,-29.6136,-49.6943,-43.597,14.743,48.3452,49.9516,0.0872945,0.967767,-0.157885,-0.175722
55,5,-46.5191,-22.5629,-34.3336,-29.4599,-34.5122,-29.6006,-52.1367,-43.4867,14.7478,48.3117,49.9542,0.0862318,0.968404,-0.159508,-0.171219
56,8,-46.3129,-22.1645,-34.3336,-29.4599,-34.5122,-29.6006,-52.1367,-43.4867,14.7134,48.38,50.1791,0.0864737,0.968367,-0.160738,-0.170148
57,0,-45.3376,-22.1418,-34.3336,-29.4599,-34.5122,-29.6006,-52.1367,-43.4867,14.755,48.2615,49.9581,0.085167,0.969016,-0.161127,-0.166711
58,8,-45.3376,-22.1418,-35.4193,-28.9742,-35.598,-29.1124,-53.2632,-42.7686,14.755,48.2615,49.9581,0.085167,0.969016,-0.161127,-0.166711
59,5,-43.5763,-21.9628,-36.1732,-28.6879,-36.3521,-28.8244,-54.0692,-42.3396,14.7885,48.2479,49.9989,0.0820592,0.970147,-0.162228,-0.160512
60,8,-43.1832,-21.3062,-36.1732,-28.6879,-36.3521,-28.8244,-54.0692,-42.3396,14.8323,48.2709,50.1731,0.0823616,0.969931,-0.164556,-0.159284
61,0,-41.6964,-21.6698,-36.1732,-28.6879,-36.3521,-28.8244,-54.0692,-42.3396,14.8945,48.2048,50.1282,0.0789472,0.971228,-0.163321,-0.154305
62,5,-39.7821,-21.8741,-37.0708,-27.6743,-37.2475,-27.8068,-54.7132,-40.9072,15.0436,48.124,50.0789,0.0747639,0.972559,-0.162858,-0.14838
63,8,-41.4946,-20.8524,-37.0708,-27.6743,-37.2475,-27.8068,-54.7132,-40.9072,14.9945,48.0995,49.9533,0.0769428,0.970495,-0.167568,-0.155375
64,5,-38.275,-20.4613,-36.8083,-26.9591,-36.9819,-27.0897,-54.05,-39.9401,15.1484,48.0305,49.9217,0.0706065,0.972205,-0.170132,-0.144524
65,8,-37.9444,-22.0833,-36.8083,-26.9591,-36.9819,-27.0897,-54.05,-39.9401,15.1607,48.0605,50.0402,0.0705766,0.973837,-0.162386,-0.142447
66,5,-34.3412,-21.5536,-35.1219,-26.4217,-35.2903,-26.5524,-51.6937,-39.2856,15.3912,47.9576,49.9401,0.0616853,0.975411,-0.166025,-0.131163
67,8,-35.018,-20.0365,-35.1219,-26.4217,-35.2903,-26.5524,-51.6937,-39.2856,15.364,47.9338,49.8773,0.0642582,0.973753,-0.172667,-0.13365
68,4,-30.7201,-20.9849,-34.9915,-26.401,-35.1596,-26.5318,-51.5214,-39.2637,15.6811,47.8281,49.8142,0.0527803,0.976769,-0.169628,-0.119849
69,8,-30.7201,-20.9849,-33.0131,-26.0715,-33.1762,-26.2033,-48.8986,-38.9083,15.6811,47.8281,49.8142,0.0527803,0.976769,-0.169628,-0.119849
70,8,-29.3717,-20.6809,-33.0131,-26.0715,-33.1762,-26.2033,-48.8986,-38.9083,15.7661,47.7835,49.7086,0.0505574,0.977171,-0.17139,-0.114917
71,5,-26.1042,-20.6891,-30.2132,-26.1795,-30.3713,-26.3145,-45.4563,-39.1923,15.977,47.7336,49.6571,0.043735,0.978706,-0.171983,-0.103173
72,8,-26.9723,-21.0123,-30.2132,-26.1795,-30.3713,-26.3145,-45.4563,-39.1923,15.9297,47.7313,49.6508,0.0449419,0.978566,-0.170395,-0.106559
73,0,-22.8694,-20.6798,-30.2132,-26.1795,-30.3713,-26.3145,-45.4563,-39.1923,16.1964,47.6818,49.6036,0.0369045,0.980057,-0.172544,-0.0914091
74,8,-22.8694,-20.6798,-27.6453,-25.3175,-27.7946,-25.4523,-41.848,-38.136,16.1964,47.6818,49.6036,0.0369045,0.980057,-0.172544,-0.0914091
75,0,-21.4379,-20.386,-27.6453,-25.3175,-27.7946,-25.4523,-41.848,-38.136,16.3801,47.6292,49.525,0.0334952,0.980279,-0.174222,-0.0870558
76,0,-19.7567,-19.2299,-27.6453,-25.3175,-27.7946,-25.4523,-41.848,-38.136,16.5585,47.546,49.4069,0.0278907,0.979786,-0.180171,-0.0823418
77,8,-19.7567,-19.2299,-24.4647,-24.5546,-24.604,-24.6899,-37.5219,-37.2451,16.5585,47.546,49.4069,0.0278907,0.979786,-0.180171,-0.0823418
78,8,-17.4318,-19.1189,-24.4647,-24.5546,-24.604,-24.6899,-37.5219,-37.2451,16.6556,47.5224,49.3877,0.0238507,0.980537,-0.180804,-0.0727235
79,0,-15.8934,-18.9425,-24.4647,-24.5546,-24.604,-24.6899,-37.5219,-37.2451,16.8556,47.4811,49.4062,0.019842,0.980825,-0.181578,-0.0679595
80,8,-15.8934,-18.9425,-21.2533,-24.1935,-21.3837,-24.3306,-33.3459,-36.9063,16.8556,47.4811,49.4062,0.019842,0.980825,-0.181578,-0.0679595
81,0,-12.4934,-19.6983,-21.2533,-24.1935,-21.3837,-24.3306,-33.3459,-36.9063,17.153,47.4146,49.4001,0.0129973,0.98243,-0.177798,-0.0552301
82,8,-12.4934,-19.6983,-18.0425,-23.8413,-18.1638,-23.9801,-29.175,-36.5798,17.153,47.4146,49.4001,0.0129973,0.98243,-0.177798,-0.0552301
83,0,-10.2137,-19.3719,-18.0425,-23.8413,-18.1638,-23.9801,-29.175,-36.5798,17.3337,47.3396,49.295,0.007866,0.982631,-0.179413,-0.0467529
84,0,-8.54684,-18.9176,-18.0425,-23.8413,-18.1638,-23.9801,-29.175,-36.5798,17.5236,47.2985,49.2804,0.00454388,0.982549,-0.181418,-0.0407984
85,8,-8.54684,-18.9176,-14.9224,-23.2905,-15.0335,-23.4301,-25.0239,-35.9767,17.5236,47.2985,49.2804,0.00454388,0.982549,-0.181418,-0.0407984
86,5,-5.06681,-18.7736,-8.78029,-22.7508,-8.8731,-22.8932,-17.1079,-35.5355,17.7674,47.2486,49.2299,-0.00126141,0.982955,-0.181912,-0.0265677
87,8,-5.98254,-18.1822,-8.78029,-22.7508,-8.8731,-22.8932,-17.1079,-35.5355,17.8069,47.2317,49.2188,-0.00114205,0.982266,-0.184789,-0.0317207
88,5,-3.12228,-18.1075,-1.17573,-29.3316,-1.2795,-29.5013,-10.7104,-44.9216,17.9451,47.2074,49.1932,-0.00565859,0.982538,-0.184969,-0.0193515
89,8,-1.4466,-18.6112,-1.17573,-29.3316,-1.2795,-29.5013,-10.7104,-44.9216,18.1085,47.1788,49.1592,-0.0070664,0.983128,-0.182364,-0.0123306
90,0,0.0857198,-18.0038,-1.17573,-29.3316,-1.2795,-29.5013,-10.7104,-44.9216,18.3103,47.1432,49.1253,-0.0101741,0.982639,-0.185118,-0.00697901
91,5,5.83295,-17.8577,-1.85605,-20.625,-1.91956,-20.7645,-7.47164,-32.9593,18.7993,47.1001,49.0874,-0.0209477,0.982354,-0.185211,0.0154812
92,8,5.42387,-17.8428,-1.85605,-20.625,-1.91956,-20.7645,-7.47164,-32.9593,18.8265,47.1106,49.1402,-0.0206097,0.9824,-0.185176,0.0132294
93,0,9.28441,-17.5986,-1.85605,-20.625,-1.91956,-20.7645,-7.47164,-32.9593,19.1643,47.0706,49.0747,-0.0271646,0.981782,-0.185896,0.0284261
94,8,9.28441,-17.5986,0.701614,-20.033,0.648276,-20.1717,-4.00285,-32.2723,19.1643,47.0706,49.0747,-0.0271646,0.981782,-0.185896,0.0284261
95,5,13.7043,-17.4017,3.99186,-19.6415,3.94982,-19.7805,0.285671,-31.8958,19.5231,47.0587,49.0946,-0.0377946,0.980836,-0.185841,0.0446725
96,8,14.3049,-17.5504,3.99186,-19.6415,3.94982,-19.7805,0.285671,-31.8958,19.6428,47.0485,49.0581,-0.0381292,0.980867,-0.185122,0.0466482
97,5,17.6965,-16.7958,7.11566,-19.0001,7.08581,-19.1381,4.48391,-31.1687,19.8533,47.0451,49.0994,-0.0471266,0.979312,-0.187646,0.0592948
98,8,18.4037,-17.1317,7.11566,-19.0001,7.08581,-19.1381,4.48391,-31.1687,20.0305,47.0419,49.1227,-0.0484103,0.979519,-0.185715,0.0609021
99,0,21.4826,-15.9407,7.11566,-19.0001,7.08581,-19.1381,4.48391,-31.1687,20.3006,47.0378,49.1872,-0.0561122,0.977513,-0.190124,0.0719267
100,5,23.8507,-15.4228,10.7144,-18.4569,10.6976,-18.5943,9.22855,-30.5993,20.4645,47.0301,49.1996,-0.0621123,0.976194,-0.191599,0.0804841
101,0,26.3685,-14.8671,10.7144,-18.4569,10.6976,-18.5943,9.22855,-30.5993,20.7103,47.0184,49.2182,-0.0681054,0.974765,-0.193052,0.0890324
102,5,30.9264,-14.0499,14.5723,-17.7221,14.5702,-17.8579,14.3864,-29.7799,21.0905,47.0427,49.3257,-0.0777325,0.972104,-0.194739,0.105108
103,8,29.6562,-14.5962,14.5723,-17.7221,14.5702,-17.8579,14.3864,-29.7799,20.9741,47.0514,49.3369,-0.0760829,0.97318,-0.192561,0.100262
104,5,35.3975,-12.7907,18.4811,-16.9571,18.4938,-17.0909,19.622,-28.9215,21.3017,47.0219,49.266,-0.0867214,0.968558,-0.198761,0.121938
105,8,35.4089,-13.2082,18.4811,-16.9571,18.4938,-17.0909,19.622,-28.9215,21.3659,47.0603,49.4035,-0.0873315,0.969093,-0.196356,0.121146
106,5,39.2527,-12.2745,22.7515,-15.8842,22.7814,-16.0146,25.4532,-27.659,21.5162,47.061,49.4016,-0.0949277,0.965978,-0.198838,0.135423
107,8,41.4972,-10.8945,22.7515,-15.8842,22.7814,-16.0146,25.4532,-27.659,21.7301,46.9833,49.1732,-0.0973042,0.963314,-0.204833,0.143535
108,0,43.6786,-11.2592,22.7515,-15.8842,22.7814,-16.0146,25.4532,-27.659,21.944,47.0631,49.396,-0.102498,0.962594,-0.201264,0.149663
109,0,37.697,-10.5979,40.0336,-11.0487,22.7814,-16.0146,49.2837,-21.8731,21.0866,46.518,49.2271,-0.0828267,0.965259,-0.206709,0.136698
110,8,53.3791,-9.26091,40.0336,-11.0487,40.1297,-11.1612,49.2837,-21.8731,22.6576,46.9963,49.379,-0.114118,0.954726,-0.205723,0.182078
111,8,26.4609,-12.2495,35.1685,-10.575,35.2564,-10.6857,43.4365,-20.9878,20.966,46.4798,49.221,-0.0514859,0.972968,-0.204392,0.0943743
112,5,22.326,-11.9996,31.2482,-11.1027,31.3243,-11.2153,38.298,-21.5204,20.5951,46.3952,49.1247,-0.0437716,0.974232,-0.206512,0.0794266
113,8,22.2381,-11.4428,31.2482,-11.1027,31.3243,-11.2153,38.298,-21.5204,20.6331,46.4123,49.1766,-0.0430985,0.973719,-0.209191,0.0790717
114,5,18.5038,-11.7013,27.0113,-12.0578,27.0722,-12.1738,32.5639,-22.6232,20.3251,46.3472,49.09,-0.0373576,0.975171,-0.208548,0.064447
115,8,18.1925,-11.7239,27.0113,-12.0578,27.0722,-12.1738,32.5639,-22.6232,20.1792,46.3003,49.0167,-0.0360446,0.975215,-0.208571,0.064456
116,5,15.106,-12.2517,23.2462,-12.807,23.2936,-12.9254,27.515,-23.4668,19.9183,46.267,48.9863,-0.0319827,0.976579,-0.206333,0.0519334
117,8,14.5769,-11.9458,23.2462,-12.807,23.2936,-12.9254,27.515,-23.4668,19.8631,46.2495,48.9603,-0.0316073,0.97638,-0.207853,0.0498061
118,5,12.2675,-11.9339,19.3739,-13.4373,19.4078,-13.5576,22.3882,-24.1424,19.7392,46.2441,48.9585,-0.0285366,0.976865,-0.208169,0.039832
119,8,11.9189,-12.7739,19.3739,-13.4373,19.4078,-13.5576,22.3882,-24.1424,19.5771,46.2234,48.9466,-0.027915,0.977767,-0.204059,0.0394014
120,0,9.61572,-11.9224,19.3739,-13.4373,19.4078,-13.5576,22.3882,-24.1424,19.3866,46.2288,48.9536,-0.0254627,0.977243,-0.208462,0.0298535
121,5,7.45984,-12.8292,16.1768,-13.7497,16.2003,-13.8705,18.253,-24.4151,19.1044,46.2372,48.9174,-0.0226221,0.97837,-0.20448,0.0216235
122,8,8.36359,-12.4413,16.1768,-13.7497,16.2003,-13.8705,18.253,-24.4151,19.193,46.2328,48.9384,-0.0243743,0.977895,-0.206145,0.0251232
123,0,5.42611,-13.7211,16.1768,-13.7497,16.2003,-13.8705,18.253,-24.4151,18.9001,46.2432,48.8911,-0.0197794,0.979407,-0.200478,0.0133916
124,5,0.464102,-13.2384,7.8175,-15.2844,7.80933,-15.4084,7.10388,-26.1118,18.3517,46.2885,48.8919,-0.0107543,0.978989,-0.203561,-0.00521577
125,8,1.8344,-12.6905,7.8175,-15.2844,7.80933,-15.4084,7.10388,-26.1118,18.5844,46.2726,48.9154,-0.0140951,0.978462,-0.205944,-0.00096074
126,5,-1.67816,-12.7474,5.35651,-15.567,5.3398,-15.6911,3.90099,-26.3794,18.2719,46.2915,48.8818,-0.00686365,0.978394,-0.206122,-0.0145623
127,8,-2.05167,-13.9514,5.35651,-15.567,5.3398,-15.6911,3.90099,-26.3794,18.1619,46.3225,48.9348,-0.00575488,0.979608,-0.200252,-0.015311
128,5,-5.57845,-13.7768,2.35861,-16.0853,2.33058,-16.21,-0.0823739,-26.944,17.8793,46.3412,48.9409,0.000843228,0.979096,-0.201264,-0.0293809
129,8,-5.39343,-12.8078,2.35861,-16.0853,2.33058,-16.21,-0.0823739,-26.944,17.8301,46.3182,48.8342,0.00036944,0.978094,-0.20625,-0.0281604
130,5,-9.35805,-12.9531,-0.303526,-16.4412,-0.341023,-16.5658,-3.57057,-27.3022,17.4864,46.3533,48.9294,0.00804252,0.977691,-0.205312,-0.0436175
131,8,-9.24955,-13.5952,-0.303526,-16.4412,-0.341023,-16.5658,-3.57057,-27.3022,17.5097,46.3658,48.9488,0.00744114,0.978347,-0.202226,-0.0434436
132,5,-13.4311,-13.0731,-3.19872,-17.0449,-3.24758,-17.1702,-7.46589,-27.9887,17.0906,46.3937,49.039,0.0157132,0.976996,-0.204312,-0.0590614
133,8,-13.4311,-13.0731,-3.19872,-17.0449,-3.24758,-17.1702,-7.46589,-27.9887,17.0906,46.3937,49.039,0.0157132,0.976996,-0.204312,-0.0590614
134,5,-15.8471,-13.3705,-6.1651,-17.433,-6.22427,-17.5579,-11.3488,-28.3765,16.8483,46.422,49.1318,0.0212628,0.97674,-0.202356,-0.0676745
135,8,-15.1934,-13.5726,-6.1651,-17.433,-6.22427,-17.5579,-11.3488,-28.3765,16.8097,46.4214,49.122,0.0213144,0.977203,-0.201336,-0.0639119
136,5,-18.6322,-13.9952,-9.18954,-17.9107,-9.25949,-18.0354,-15.3462,-28.8841,16.5364,46.4514,49.1905,0.0267576,0.976583,-0.198903,-0.0775094
137,8,-18.3854,-13.6457,-9.18954,-17.9107,-9.25949,-18.0354,-15.3462,-28.8841,16.5407,46.458,49.2495,0.0268101,0.976377,-0.200377,-0.0762803
138,5,-22.1533,-14.4137,-12.0719,-18.3705,-12.152,-18.4948,-19.158,-29.3741,16.239,46.484,49.265,0.0321948,0.975747,-0.196426,-0.0910897
139,8,-22.1533,-14.4137,-12.0719,-18.3705,-12.152,-18.4948,-19.158,-29.3741,16.239,46.484,49.265,0.0321948,0.975747,-0.196426,-0.0910897
140,5,-23.6286,-13.7671,-14.8242,-18.7591,-14.9135,-18.8827,-22.7741,-29.7727,16.0923,46.5015,49.2871,0.0360119,0.974588,-0.199123,-0.0960753
141,8,-24.4675,-14.2956,-14.8242,-18.7591,-14.9135,-18.8827,-22.7741,-29.7727,16.0626,46.4909,49.2659,0.0364642,0.974702,-0.196625,-0.0998237
142,0,-25.1611,-13.1124,-14.8242,-18.7591,-14.9135,-18.8827,-22.7741,-29.7727,15.913,46.5229,49.3142,0.0398273,0.973383,-0.20181,-0.101056
143,8,-25.1611,-13.1124,-17.3035,-18.9008,-17.3998,-19.0229,-25.9336,-29.8465,15.913,46.5229,49.3142,0.0398273,0.973383,-0.20181,-0.101056
144,0,-26.2991,-13.5263,-17.3035,-18.9008,-17.3998,-19.0229,-25.9336,-29.8465,15.8279,46.5346,49.3383,0.0417095,0.973309,-0.199601,-0.105308
145,5,-27.6766,-13.5675,-19.7334,-19.0546,-19.8366,-19.1752,-29.0373,-29.9392,15.7571,46.5517,49.3609,0.0436058,0.97268,-0.199237,-0.110889
146,8,-27.6766,-13.5675,-19.7334,-19.0546,-19.8366,-19.1752,-29.0373,-29.9392,15.7571,46.5517,49.3609,0.0436058,0.97268,-0.199237,-0.110889
147,5,-28.032,-13.3399,-23.2117,-19.3128,-23.3245,-19.4314,-33.4978,-30.1241,15.7037,46.5561,49.3582,0.0446285,0.972322,-0.200201,-0.111887
148,8,-27.7786,-13.0056,-23.2117,-19.3128,-23.3245,-19.4314,-33.4978,-30.1241,15.6748,46.5648,49.3662,0.0447338,0.972161,-0.201765,-0.110422
149,5,-27.9877,-13.2201,-24.4556,-19.3538,-24.5716,-19.4715,-35.069,-30.1198,15.6641,46.5666,49.3778,0.0449913,0.97228,-0.200685,-0.111236
150,8,-28.4071,-13.1131,-24.4556,-19.3538,-24.5716,-19.4715,-35.069,-30.1198,15.6384,46.5614,49.355,0.0456511,0.97196,-0.201164,-0.112884
151,0,-28.2245,-13.4238,-24.4556,-19.3538,-24.5716,-19.4715,-35.069,-30.1198,15.6365,46.5714,49.4078,0.0452487,0.972397,-0.199604,-0.11205
152,5,-27.9073,-13.778,-25.3918,-19.4365,-25.5103,-19.5536,-36.2757,-30.1876,15.653,46.5707,49.4384,0.044283,0.972913,-0.197941,-0.110897
153,8,-27.9073,-13.778,-25.3918,-19.4365,-25.5103,-19.5536,-36.2757,-30.1876,15.653,46.5707,49.4384,0.044283,0.972913,-0.197941,-0.110897
154,5,-26.8928,-13.7416,-26.0178,-19.5716,-26.1384,-19.6886,-37.1201,-30.3424,15.7226,46.5375,49.3585,0.0423207,0.973317,-0.198448,-0.107149
155,8,-26.4672,-14.3255,-26.0178,-19.5716,-26.1384,-19.6886,-37.1201,-30.3424,15.7111,46.5296,49.3613,0.0428723,0.974174,-0.195452,-0.104619
156,5,-25.0955,-14.5016,-26.0479,-19.6283,-26.1688,-19.7455,-37.1843,-30.4186,15.8355,46.5115,49.3157,0.0393123,0.974867,-0.195142,-0.100044
157,8,-25.8579,-13.708,-26.0479,-19.6283,-26.1688,-19.7455,-37.1843,-30.4186,15.8075,46.4968,49.2609,0.0403576,0.973703,-0.198952,-0.1034
158,5,-23.706,-14.6724,-25.5749,-19.4632,-25.6939,-19.5802,-36.5166,-30.2154,15.9751,46.4912,49.2646,0.0357509,0.975526,-0.194826,-0.0954653
159,8,-23.706,-14.6724,-25.5749,-19.4632,-25.6939,-19.5802,-36.5166,-30.2154,15.9751,46.4912,49.2646,0.0357509,0.975526,-0.194826,-0.0954653
160,5,-21.5964,-14.1011,-24.7304,-19.4324,-24.8473,-19.5501,-35.4486,-30.2141,16.1404,46.4583,49.1993,0.0320405,0.97577,-0.197942,-0.0875477
161,8,-22.5602,-14.2588,-24.7304,-19.4324,-24.8473,-19.5501,-35.4486,-30.2141,16.1384,46.4659,49.1898,0.0320228,0.975433,-0.197389,-0.0924302
162,5,-19.6087,-13.6278,-22.9971,-18.9287,-23.1076,-19.0461,-33.0498,-29.6082,16.384,46.4023,49.1208,0.0268809,0.975907,-0.200679,-0.0813015
163,8,-19.449,-13.5308,-22.9971,-18.9287,-23.1076,-19.0461,-33.0498,-29.6082,16.3425,46.4182,49.1196,0.0283273,0.97593,-0.201041,-0.0796225
164,5,-16.67,-12.9917,-21.6025,-18.8642,-21.7093,-18.9825,-31.2796,-29.5875,16.6439,46.335,49.0476,0.0217346,0.976225,-0.203937,-0.0701596
165,8,-16.67,-12.9917,-21.6025,-18.8642,-21.7093,-18.9825,-31.2796,-29.5875,16.6439,46.335,49.0476,0.0217346,0.976225,-0.203937,-0.0701596
166,5,-14.6009,-12.5731,-19.8249,-18.7729,-19.927,-18.8925,-29.0192,-29.5488,16.7845,46.2862,49.0378,0.0171196,0.976426,-0.205983,-0.0622063
167,5,-13.8614,-13.0877,-19.8249,-18.7729,-19.927,-18.8925,-29.0192,-29.5488,16.8676,46.252,49.0068,0.0161266,0.97716,-0.203409,-0.0593501
168,4,-12.3392,-12.0909,-17.8533,-18.5793,-17.9495,-18.6998,-26.4686,-29.3793,17.0574,46.1915,49.0187,0.012503,0.976541,-0.208011,-0.0542476
169,8,-12.3392,-12.0909,-17.8533,-18.5793,-17.9495,-18.6998,-26.4686,-29.3793,17.0574,46.1915,49.0187,0.012503,0.976541,-0.208011,-0.0542476
170,0,-9.48411,-11.8235,-17.8533,-18.5793,-17.9495,-18.6998,-26.4686,-29.3793,17.3119,46.0448,48.9459,0.00753703,0.97699,-0.20876,-0.0430505
171,8,-9.48411,-11.8235,-15.5508,-18.099,-15.6387,-18.2196,-23.3707,-28.833,17.3119,46.0448,48.9459,0.00753703,0.97699,-0.20876,-0.0430505
172,0,-7.96344,-10.9186,-15.5508,-18.099,-15.6387,-18.2196,-23.3707,-28.833,17.4728,45.9872,49.0038,0.00385787,0.976389,-0.212692,-0.0375864
173,5,-7.17247,-10.7619,-13.6213,-17.4791,-13.701,-17.599,-20.6724,-28.0775,17.573,45.933,49.0156,0.00220351,0.976412,-0.213084,-0.0347823
174,8,-7.56405,-10.7962,-13.6213,-17.4791,-13.701,-17.599,-20.6724,-28.0775,17.5428,45.9536,49.0232,0.00256644,0.976359,-0.213038,-0.0364843
175,0,-6.36072,-10.5918,-13.6213,-17.4791,-13.701,-17.599,-20.6724,-28.0775,17.6876,45.871,49.0291,0.000549134,0.976425,-0.213474,-0.0319778
176,5,-4.62089,-8.86525,-11.1998,-16.7371,-11.2693,-16.8559,-17.3032,-27.1784,17.8201,45.826,49.0532,-0.00159206,0.974851,-0.221505,-0.0244768
177,8,-4.62089,-8.86525,-11.1998,-16.7371,-11.2693,-16.8559,-17.3032,-27.1784,17.8201,45.826,49.0532,-0.00159206,0.974851,-0.221505,-0.0244768
178,5,-3.48559,-9.2212,-7.22497,-14.5913,-7.27232,-14.7046,-11.337,-24.4314,17.9129,45.8094,49.0146,-0.00261895,0.975357,-0.219747,-0.0195703
179,8,-3.05138,-9.98515,-7.22497,-14.5913,-7.27232,-14.7046,-11.337,-24.4314,17.9956,45.7628,48.9591,-0.0029032,0.976249,-0.215877,-0.0180873
180,0,-2.21358,-9.58273,-7.22497,-14.5913,-7.27232,-14.7046,-11.337,-24.4314,18.093,45.7771,48.9398,-0.00364576,0.975836,-0.217983,-0.0146632
181,5,-1.42082,-10.9205,-5.91991,-13.6588,-5.95863,-13.7692,-9.27104,-23.2171,18.216,45.8936,48.8005,-0.0037801,0.977048,-0.21267,-0.0115899
182,8,-1.69186,-9.36473,-5.91991,-13.6588,-5.95863,-13.7692,-9.27104,-23.2171,18.1416,45.7717,48.8621,-0.00287152,0.975588,-0.21926,-0.0120354
183,5,-0.723826,-12.1359,-4.73874,-13.3562,-4.7725,-13.4662,-7.6554,-22.8599,18.2794,45.9537,48.7288,-0.0039143,0.978222,-0.207348,-0.00851615
184,8,-0.723826,-12.1359,-4.73874,-13.3562,-4.7725,-13.4662,-7.6554,-22.8599,18.2794,45.9537,48.7288,-0.0039143,0.978222,-0.207348,-0.00851615
185,8,-0.942645,-11.5965,-4.73874,-13.3562,-4.7725,-13.4662,-7.6554,-22.8599,18.3027,46.0329,48.7356,-0.00349378,0.977542,-0.210491,-0.00969031
186,5,-0.439411,-13.8844,-3.59144,-13.4035,-3.62217,-13.5144,-6.24632,-22.9805,18.3459,46.1988,48.6813,-0.00281371,0.979649,-0.200569,-0.00722103
187,8,-0.0275803,-14.0963,-3.59144,-13.4035,-3.62217,-13.5144,-6.24632,-22.9805,18.358,46.1807,48.6217,-0.0025566,0.979857,-0.199621,-0.00505518
188,0,0.0851789,-16.2815,-3.59144,-13.4035,-3.62217,-13.5144,-6.24632,-22.9805,18.4043,46.4232,48.6077,-0.00213333,0.981649,-0.190624,-0.00475095
189,5,0.447062,-17.8341,-2.09439,-14.626,-2.12737,-14.7426,-4.9526,-24.7282,18.4376,46.5785,48.5372,-0.00235361,0.982847,-0.184379,-0.00325132
190,8,-0.0627248,-17.3377,-2.09439,-14.626,-2.12737,-14.7426,-4.9526,-24.7282,18.4243,46.5015,48.4731,-0.00215792,0.982429,-0.186537,-0.00579951
191,0,0.818331,-19.4332,-2.09439,-14.626,-2.12737,-14.7426,-4.9526,-24.7282,18.4756,46.756,48.4565,-0.00257378,0.984003,-0.178126,-0.00175154
192,5,0.182786,-21.0554,-1.14798,-16.1503,-1.18634,-16.2734,-4.48753,-26.8627,18.5139,46.9865,48.3659,-0.00256738,0.98504,-0.172216,-0.00556639
193,8,0.182786,-21.0554,-1.14798,-16.1503,-1.18634,-16.2734,-4.48753,-26.8627,18.5139,46.9865,48.3659,-0.00256738,0.98504,-0.172216,-0.00556639
194,5,1.12907,-25.328,0.48131,-18.2762,0.436427,-18.4082,-3.45292,-29.8545,18.5731,47.3514,48.3646,-0.0032908,0.988025,-0.154249,-0.00153127
195,8,1.3831,-25.8758,0.48131,-18.2762,0.436427,-18.4082,-3.45292,-29.8545,18.5783,47.3857,48.3437,-0.00334456,0.98838,-0.151964,-0.000278555
196,5,1.4744,-29.0093,2.16701,-20.8941,2.11338,-21.0368,-2.57899,-33.5234,18.6184,47.681,48.352,-0.00426173,0.990256,-0.139195,-0.000757631
197,8,2.11353,-29.7999,2.16701,-20.8941,2.11338,-21.0368,-2.57899,-33.5234,18.6454,47.7972,48.363,-0.00401308,0.990666,-0.136228,0.00250438
198,5,2.09113,-33.0347,3.83468,-23.6529,3.77178,-23.8063,-1.79364,-37.3843,18.6807,48.1279,48.3839,-0.00541299,0.992337,-0.123438,0.0011499
199,8,1.61615,-32.4444,3.83468,-23.6529,3.77178,-23.8063,-1.79364,-37.3843,18.6831,48.156,48.3653,-0.00517818,0.991965,-0.126403,-0.00123658
200,5,1.91803,-34.3917,5.70625,-26.7564,5.63326,-26.9214,-0.915757,-41.7275,18.7027,48.3119,48.3978,-0.00553843,0.992948,-0.118423,-0.000139715
201,8,2.09983,-36.4478,5.70625,-26.7564,5.63326,-26.9214,-0.915757,-41.7275,18.7251,48.544,48.4102,-0.00681198,0.993839,-0.110627,-0.000204771
202,0,2.26895,-36.6633,5.70625,-26.7564,5.63326,-26.9214,-0.915757,-41.7275,18.7525,48.7064,48.4799,-0.00589831,0.993865,-0.110435,0.000957159
203,0,2.49858,-38.304,5.70625,-26.7564,5.63326,-26.9214,-0.915757,-41.7275,18.7596,48.7405,48.4616,-0.0059814,0.994617,-0.103429,0.0018771
204,8,2.49858,-38.304,7.55864,-29.5127,7.47752,-29.6876,0.101181,-45.594,18.7596,48.7405,48.4616,-0.0059814,0.994617,-0.103429,0.0018771
205,0,2.47638,-38.0967,7.55864,-29.5127,7.47752,-29.6876,0.101181,-45.594,18.7642,48.8492,48.5035,-0.00555785,0.994467,-0.104885,0.00199986
206,5,2.58319,-39.6739,10.1568,-33.9704,10.0621,-34.1602,1.24971,-51.8279,18.7559,48.91,48.4907,-0.00562111,0.995131,-0.0983763,0.00242009
207,8,2.58319,-39.6739,10.1568,-33.9704,10.0621,-34.1602,1.24971,-51.8279,18.7559,48.91,48.4907,-0.00562111,0.995131,-0.0983763,0.00242009
208,8,2.30009,-38.815,10.1568,-33.9704,10.0621,-34.1602,1.24971,-51.8279,18.7444,48.9652,48.5918,-0.00518324,0.994758,-0.102114,0.00139147
209,0,1.82309,-39.7227,10.1568,-33.9704,10.0621,-34.1602,1.24971,-51.8279,18.7246,48.982,48.5346,-0.00428685,0.995131,-0.0984683,-0.00062285
210,8,1.82309,-39.7227,10.9045,-35.1581,10.8065,-35.3517,1.62499,-53.4915,18.7246,48.982,48.5346,-0.00428685,0.995131,-0.0984683,-0.00062285
211,0,2.60474,-39.4334,10.9045,-35.1581,10.8065,-35.3517,1.62499,-53.4915,18.6908,49.0187,48.5963,-0.00477047,0.994998,-0.0997166,0.00363332
212,5,1.89885,-39.7367,10.9352,-35.7935,10.8344,-35.989,1.36492,-54.3637,18.664,49.0241,48.6015,-0.00402874,0.995137,-0.0984123,0.000469199
213,8,2.12361,-39.5764,10.9352,-35.7935,10.8344,-35.989,1.36492,-54.3637,18.6751,49.0302,48.6171,-0.00443464,0.995068,-0.099088,0.00137787
214,0,1.17871,-40.0429,10.9352,-35.7935,10.8344,-35.989,1.36492,-54.3637,18.629,49.0312,48.6083,-0.00328696,0.995265,-0.0971067,-0.00269493
215,5,1.06158,-39.8897,10.857,-36.0857,10.7548,-36.282,1.13026,-54.7602,18.6043,49.0386,48.6308,-0.00326987,0.995202,-0.0977388,-0.00307309
216,8,0.902948,-39.7276,10.857,-36.0857,10.7548,-36.282,1.13026,-54.7602,18.555,49.0532,48.6759,-0.00325278,0.995139,-0.0983708,-0.00345125
217,5,0.379067,-39.9036,10.6366,-36.9475,10.53,-37.1462,0.450686,-55.9303,18.4947,49.0466,48.7083,-0.00291529,0.995221,-0.097447,-0.00554907
218,8,0.203522,-39.9492,10.6366,-36.9475,10.53,-37.1462,0.450686,-55.9303,18.5109,49.0309,48.6413,-0.00233645,0.995221,-0.0974136,-0.00634008
219,0,-0.137463,-40.0835,10.6366,-36.9475,10.53,-37.1462,0.450686,-55.9303,18.4391,49.0404,48.7383,-0.00257779,0.995298,-0.0965227,-0.00764687
220,8,-0.137463,-40.0835,10.202,-36.7812,10.0949,-36.9792,-0.0134668,-55.6812,18.4391,49.0404,48.7383,-0.00257779,0.995298,-0.0965227,-0.00764687
221,5,-0.216275,-38.3713,9.67675,-37.1479,9.56676,-37.3467,-0.840879,-56.1582,18.4033,48.97,48.8077,-0.00328523,0.994609,-0.103339,-0.00797715
222,8,-0.801517,-39.57,9.67675,-37.1479,9.56676,-37.3467,-0.840879,-56.1582,18.3855,48.9931,48.7548,-0.00235067,0.995084,-0.098438,-0.0105602
223,5,-0.551035,-37.3508,9.103,-37.2978,8.99085,-37.4968,-1.62701,-56.3357,18.3695,48.8513,48.8082,-0.00449867,0.994183,-0.107138,-0.0100331
224,8,-0.316803,-36.6242,9.103,-37.2978,8.99085,-37.4968,-1.62701,-56.3357,18.3556,48.8762,48.9002,-0.00399252,0.993872,-0.11015,-0.00830705
225,0,-0.328826,-35.014,9.103,-37.2978,8.99085,-37.4968,-1.62701,-56.3357,18.344,48.6255,48.8933,-0.00664632,0.993201,-0.115829,-0.00950523
226,8,-0.328826,-35.014,8.46363,-36.6588,8.35256,-36.8557,-2.12469,-55.4292,18.344,48.6255,48.8933,-0.00664632,0.993201,-0.115829,-0.00950523
227,0,-0.0240946,-33.4734,8.46363,-36.6588,8.35256,-36.8557,-2.12469,-55.4292,18.3415,48.4928,49.0258,-0.00953805,0.992511,-0.121446,-0.00910158
228,5,0.373484,-32.1286,8.12344,-36.2169,8.01339,-36.4124,-2.34163,-54.8072,18.3487,48.4225,49.0483,-0.0113388,0.991804,-0.127027,-0.00775291
229,5,0.637728,-31.0618,7.51956,-34.9569,7.41343,-35.1485,-2.50346,-53.0514,18.3595,48.3529,49.0772,-0.0129836,0.991225,-0.131356,-0.00707977
230,8,0.77339,-30.6752,7.51956,-34.9569,7.41343,-35.1485,-2.50346,-53.0514,18.363,48.2818,49.0934,-0.0131391,0.991061,-0.132604,-0.00640396
231,0,1.29291,-28.5336,7.51956,-34.9569,7.41343,-35.1485,-2.50346,-53.0514,18.3885,48.1278,49.1598,-0.0164276,0.989825,-0.14125,-0.00505713
232,8,1.29291,-28.5336,6.61427,-32.5597,6.51646,-32.7437,-2.50745,-49.723,18.3885,48.1278,49.1598,-0.0164276,0.989825,-0.14125,-0.00505713
233,5,1.99673,-25.8402,6.15973,-30.2151,6.0715,-30.3917,-1.97381,-46.4885,18.4213,47.9424,49.1912,-0.0180026,0.98814,-0.152485,-0.00185548
234,8,1.8326,-25.3244,6.15973,-30.2151,6.0715,-30.3917,-1.97381,-46.4885,18.437,47.8602,49.1776,-0.0184617,0.987823,-0.154451,-0.00299588
235,0,2.7184,-23.0137,6.15973,-30.2151,6.0715,-30.3917,-1.97381,-46.4885,18.4736,47.6471,49.2413,-0.0195751,0.986315,-0.163698,0.00134644
236,8,2.7184,-23.0137,5.86464,-28.6036,5.7832,-28.7748,-1.58537,-44.2661,18.4736,47.6471,49.2413,-0.0195751,0.986315,-0.163698,0.00134644
237,0,1.89525,-21.0455,5.86464,-28.6036,5.7832,-28.7748,-1.58537,-44.2661,18.4707,47.5101,49.2538,-0.0181182,0.984886,-0.172243,-0.00212415
238,5,2.01155,-19.6195,5.87041,-27.0666,5.79637,-27.2327,-0.856584,-42.1605,18.4798,47.2932,49.3456,-0.0168986,0.984007,-0.177326,-0.000853039
239,8,2.53695,-21.8395,5.87041,-27.0666,5.79637,-27.2327,-0.856584,-42.1605,18.4856,47.4627,49.3209,-0.0184867,0.985644,-0.167819,0.000937628
240,5,1.71083,-19.0569,5.49522,-25.4882,5.42783,-25.6488,-0.583654,-39.9796,18.4812,47.239,49.3561,-0.0156314,0.983601,-0.179669,-0.00188944
241,8,2.13277,-18.3417,5.49522,-25.4882,5.42783,-25.6488,-0.583654,-39.9796,18.4853,47.1603,49.4019,-0.0156784,0.983099,-0.182403,0.000418093
242,5,1.52821,-16.3965,4.8296,-23.5102,4.77019,-23.6636,-0.48542,-37.2371,18.4773,46.9158,49.4097,-0.0137057,0.981638,-0.190251,-0.00176373
243,8,0.899145,-16.1041,4.8296,-23.5102,4.77019,-23.6636,-0.48542,-37.2371,18.4742,46.8826,49.4122,-0.0127735,0.9814,-0.191489,-0.0047162
244,0,0.92785,-14.3271,4.8296,-23.5102,4.77019,-23.6636,-0.48542,-37.2371,18.466,46.5735,49.4207,-0.011732,0.980107,-0.198085,-0.00394543
245,8,0.92785,-14.3271,3.92456,-21.7175,3.87167,-21.8641,-0.772905,-34.7369,18.466,46.5735,49.4207,-0.011732,0.980107,-0.198085,-0.00394543
246,0,0.346292,-11.2392,3.92456,-21.7175,3.87167,-21.8641,-0.772905,-34.7369,18.4488,46.3385,49.402,-0.0104625,0.977248,-0.21175,-0.00619693
247,5,0.0806019,-9.24894,3.02993,-20.004,2.9833,-20.1439,-1.08457,-32.3458,18.4352,46.0462,49.4569,-0.00856189,0.975576,-0.219395,-0.00670356
248,8,-0.257478,-9.49802,3.02993,-20.004,2.9833,-20.1439,-1.08457,-32.3458,18.4371,46.1467,49.531,-0.00868004,0.975744,-0.218576,-0.00854412
249,0,-0.169972,-7.35549,3.02993,-20.004,2.9833,-20.1439,-1.08457,-32.3458,18.4245,45.8166,49.5,-0.00666076,0.973839,-0.227026,-0.00720976
250,8,-0.169972,-7.35549,1.70961,-18.0895,1.66918,-18.2215,-1.83292,-29.6584,18.4245,45.8166,49.5,-0.00666076,0.973839,-0.227026,-0.00720976
251,4,-1.12262,-5.59568,0.966276,-16.8196,0.930398,-16.9464,-2.16408,-27.8824,18.3997,45.6275,49.506,-0.00566683,0.972041,-0.234452,-0.0116682
252,4,-0.847877,-4.3746,1.35776,-17.4893,1.31947,-17.6188,-1.99009,-28.819,18.3915,45.5324,49.4849,-0.00513081,0.970737,-0.239886,-0.00993477
253,8,-0.847877,-4.3746,0.416996,-15.8765,0.384537,-15.9994,-2.40661,-26.5636,18.3915,45.5324,49.4849,-0.00513081,0.970737,-0.239886,-0.00993477
254,5,-1.82603,-2.76392,-2.59521,-11.5273,-2.61298,-11.6312,-4.12264,-20.4582,18.3521,45.3327,49.4721,-0.00276189,0.969028,-0.246538,-0.0140385
255,8,-2.21298,-2.20037,-2.59521,-11.5273,-2.61298,-11.6312,-4.12264,-20.4582,18.3328,45.2285,49.5192,-0.0025222,0.968509,-0.24846,-0.0158328
256,5,-2.51858,-1.17412,-3.70763,-10.4866,-3.72295,-10.5857,-5.02188,-18.9783,18.3093,45.1479,49.5435,-0.000628907,0.967363,-0.252843,-0.0166805
257,8,-2.83207,-0.997633,-3.70763,-10.4866,-3.72295,-10.5857,-5.02188,-18.9783,18.2893,45.0147,49.4516,-0.000392772,0.967251,-0.253173,-0.0181412
258,0,-2.86784,0.0213038,-3.70763,-10.4866,-3.72295,-10.5857,-5.02188,-18.9783,18.2545,44.9596,49.6002,0.0012644,0.966193,-0.25722,-0.0175278
259,0,-3.80033,-1.07373,-3.70763,-10.4866,-3.72295,-10.5857,-5.02188,-18.9783,18.2294,44.9058,49.5803,0.0015181,0.967578,-0.251591,-0.0221967
260,0,-14.6745,9.59397,-7.11571,-5.52666,-3.72295,-10.5857,-6.94508,-12.0169,16.6384,43.2962,49.729,0.0123007,0.954393,-0.291615,-0.0628022
261,8,-5.38274,2.70743,-7.11571,-5.52666,-7.11371,-5.60297,-6.94508,-12.0169,18.1277,44.5349,49.4682,0.00498171,0.96299,-0.267952,-0.0287503
262,8,-23.2342,16.7342,-22.0635,14.6569,-21.9947,14.6766,-16.1176,16.3635,16.3918,43.0703,49.7634,0.020503,0.941082,-0.322087,-0.101017
263,0,-25.5358,16.5552,-22.0635,14.6569,-21.9947,14.6766,-16.1176,16.3635,16.0756,43.0832,49.8744,0.0246992,0.940764,-0.320162,-0.108855
264,0,-30.3993,17.2169,-22.0635,14.6569,-21.9947,14.6766,-16.1176,16.3635,15.5844,43.0673,49.7994,0.0318321,0.937836,-0.3216,-0.126589
265,5,-37.5141,17.0995,-26.4284,3.71337,-26.4315,3.68879,-26.7007,1.58141,14.8332,43.2065,49.7221,0.0428617,0.934638,-0.31901,-0.151154
266,8,-36.9329,17.0395,-26.4284,3.71337,-26.4315,3.68879,-26.7007,1.58141,14.9315,43.1704,49.7081,0.0424664,0.93503,-0.318733,-0.149415
267,0,-41.3931,16.4667,-26.4284,3.71337,-26.4315,3.68879,-26.7007,1.58141,14.4687,43.3154,49.763,0.0487092,0.933561,-0.314749,-0.164391
268,5,-53.3665,11.3937,-45.2841,0.150331,-45.3548,0.123229,-51.8969,-2.38456,13.2867,43.8636,49.7985,0.06403,0.933262,-0.289635,-0.20257
269,8,-54.2911,10.5729,-45.2841,0.150331,-45.3548,0.123229,-51.8969,-2.38456,13.0903,43.9855,49.8446,0.0645843,0.933773,-0.28637,-0.204669
270,0,-56.626,10.1993,-45.2841,0.150331,-45.3548,0.123229,-51.8969,-2.38456,12.8681,44.0758,49.7134,0.0668533,0.932566,-0.284766,-0.211566
271,0,-60.8872,5.30862,-48.4198,-2.54551,-45.3548,0.123229,-57.0745,-5.92593,11.7628,44.7704,49.6177,0.0654102,0.935565,-0.268511,-0.219866
272,8,-57.5383,8.60769,-48.4198,-2.54551,-48.5105,-2.58092,-57.0745,-5.92593,12.7575,44.181,49.878,0.0670871,0.934038,-0.277727,-0.214337
273,8,-63.3145,1.2739,-60.613,-6.54797,-60.7447,-6.58946,-74.1652,-10.8176,11.6025,44.8712,49.6038,0.0639446,0.938242,-0.252165,-0.22809
274,8,-62.8924,1.08237,-60.613,-6.54797,-60.7447,-6.58946,-74.1652,-10.8176,11.5141,44.9801,49.8243,0.0631178,0.938939,-0.251511,-0.226167
275,5,-63.0198,-0.948976,-61.4345,-7.57785,-61.5718,-7.62231,-75.6735,-12.1888,11.4181,45.0533,49.7595,0.0609704,0.940957,-0.244154,-0.226432
276,8,-63.4598,-1.48333,-61.4345,-7.57785,-61.5718,-7.62231,-75.6735,-12.1888,11.3962,45.041,49.6392,0.0616819,0.941191,-0.24196,-0.227621
277,0,-63.285,-3.09854,-61.4345,-7.57785,-61.5718,-7.62231,-75.6735,-12.1888,11.258,45.1752,49.6515,0.0588192,0.942916,-0.236781,-0.226682
278,5,-62.7403,-5.16722,-62.1164,-8.80374,-62.2598,-8.85189,-77.0997,-13.8353,11.0959,45.391,49.5618,0.0555791,0.945218,-0.230619,-0.224253
279,8,-63.951,-3.30303,-62.1164,-8.80374,-62.2598,-8.85189,-77.0997,-13.8353,11.2177,45.221,49.5258,0.0580841,0.942333,-0.237047,-0.229006
280,5,-62.2024,-7.30064,-62.3604,-10.0005,-62.509,-10.0525,-77.9659,-15.4632,11.0838,45.4771,49.5547,0.0523235,0.947539,-0.222948,-0.222994
281,8,-62.0648,-7.06266,-62.3604,-10.0005,-62.509,-10.0525,-77.9659,-15.4632,10.9966,45.5232,49.5069,0.0523356,0.947463,-0.224444,-0.221811
282,5,-60.9457,-9.95706,-61.9385,-11.5993,-62.0927,-11.657,-78.1902,-17.6743,10.9561,45.678,49.483,0.0475922,0.950824,-0.214282,-0.21852
283,8,-60.6065,-11.4451,-61.9385,-11.5993,-62.0927,-11.657,-78.1902,-17.6743,10.8829,45.8612,49.598,0.0465475,0.952465,-0.208783,-0.216916
284,0,-59.9306,-13.1897,-61.9385,-11.5993,-62.0927,-11.657,-78.1902,-17.6743,10.8616,46.0393,49.4274,0.0428417,0.954046,-0.204088,-0.215197
285,5,-58.3615,-15.4887,-59.8322,-15.3087,-59.9977,-15.3802,-77.3039,-22.859,10.8477,46.1625,49.4473,0.0388586,0.957147,-0.195519,-0.210074
286,8,-58.8548,-15.7395,-59.8322,-15.3087,-59.9977,-15.3802,-77.3039,-22.859,10.8448,46.1541,49.455,0.0397954,0.957044,-0.194178,-0.211607
287,0,-56.8201,-17.8968,-59.8322,-15.3087,-59.9977,-15.3802,-77.3039,-22.859,10.8236,46.3752,49.4819,0.0348706,0.960129,-0.186926,-0.204926
288,5,-54.1213,-21.3621,-57.3397,-17.8335,-57.5112,-17.9153,-75.3797,-26.4394,10.8755,46.7019,49.4305,0.029206,0.964466,-0.174688,-0.19605
289,8,-55.7923,-19.7755,-57.3397,-17.8335,-57.5112,-17.9153,-75.3797,-26.4394,10.8443,46.586,49.3785,0.0319552,0.962027,-0.181002,-0.201792
290,5,-52.8017,-23.5956,-52.9883,-21.5818,-53.1675,-21.6795,-71.7109,-31.7865,10.894,46.7624,49.335,0.0249949,0.966884,-0.166313,-0.191964
291,8,-51.4791,-24.7158,-52.9883,-21.5818,-53.1675,-21.6795,-71.7109,-31.7865,10.9198,46.9801,49.3868,0.0235333,0.968534,-0.162401,-0.18712
292,0,-49.7121,-27.7855,-52.9883,-21.5818,-53.1675,-21.6795,-71.7109,-31.7865,11.0102,47.1741,49.2336,0.0180249,0.97137,-0.151559,-0.182061
293,5,-46.3848,-31.893,-48.7427,-24.8623,-48.9277,-24.9743,-67.9544,-36.4875,11.1939,47.5816,49.1247,0.012234,0.975704,-0.136511,-0.17093
294,8,-48.2839,-29.5,-48.7427,-24.8623,-48.9277,-24.9743,-67.9544,-36.4875,11.0572,47.3073,49.2062,0.0150289,0.973288,-0.145117,-0.177274
295,4,-43.2375,-35.7381,-48.4463,-25.0541,-48.6316,-25.167,-67.6747,-36.7647,11.3064,47.8314,49.058,0.00643824,0.979645,-0.121408,-0.15973
296,8,-43.2375,-35.7381,-44.0432,-27.9052,-44.2322,-28.0311,-63.52,-40.8849,11.3064,47.8314,49.058,0.00643824,0.979645,-0.121408,-0.15973
297,8,-41.8423,-36.3154,-44.0432,-27.9052,-44.2322,-28.0311,-63.52,-40.8849,11.3754,47.9615,49.0123,0.00299897,0.980497,-0.120015,-0.155603
298,0,-38.8356,-40.3805,-44.0432,-27.9052,-44.2322,-28.0311,-63.52,-40.8849,11.5383,48.217,48.9427,-0.00345377,0.983831,-0.104285,-0.145567
299,8,-38.8356,-40.3805,-39.5308,-30.9518,-39.7236,-31.0913,-59.3209,-45.2784,11.5383,48.217,48.9427,-0.00345377,0.983831,-0.104285,-0.145567
300,5,-35.4502,-43.5057,-33.6499,-34.7444,-33.8463,-34.9008,-53.7647,-50.7605,11.6579,48.3389,48.8923,-0.0115324,0.986611,-0.0917654,-0.134333
301,5,-33.8426,-44.8813,-33.6499,-34.7444,-33.8463,-34.9008,-53.7647,-50.7605,11.8507,48.5455,48.7691,-0.0145289,0.987562,-0.0874827,-0.129836
302,0,-31.5656,-47.093,-33.6499,-34.7444,-33.8463,-34.9008,-53.7647,-50.7605,12.0367,48.725,48.7326,-0.019607,0.98904,-0.0792133,-0.123052
303,5,-27.1148,-49.2467,-28.5282,-37.7027,-28.7261,-37.8725,-48.7639,-55.0626,12.3637,48.9367,48.6978,-0.0277903,0.991182,-0.070491,-0.108703
304,8,-28.1217,-49.2809,-28.5282,-37.7027,-28.7261,-37.8725,-48.7639,-55.0626,12.2641,48.8955,48.69,-0.0261144,0.990885,-0.0704907,-0.111782
305,0,-22.8071,-51.345,-28.5282,-37.7027,-28.7261,-37.8725,-48.7639,-55.0626,12.6207,49.1031,48.6705,-0.0359639,0.992975,-0.0617438,-0.0943149
306,8,-22.8071,-51.345,-22.8854,-41.2059,-23.0851,-41.3904,-43.3689,-60.1365,12.6207,49.1031,48.6705,-0.0359639,0.992975,-0.0617438,-0.0943149
307,5,-16.4992,-51.0033,-17.4119,-43.9769,-17.6105,-44.1735,-37.8413,-64.1991,13.0394,49.1405,48.5507,-0.0490086,0.994152,-0.0617093,-0.0738345
308,8,-18.0019,-51.4741,-17.4119,-43.9769,-17.6105,-44.1735,-37.8413,-64.1991,13.0027,49.2173,48.6307,-0.046037,0.99393,-0.060534,-0.0794949
309,5,-13.7737,-51.2724,-7.11351,-45.5231,-7.29653,-45.7326,-25.7195,-66.8178,13.1305,49.2111,48.5868,-0.055779,0.994525,-0.0601182,-0.0647707
310,8,-10.116,-50.6583,-7.11351,-45.5231,-7.29653,-45.7326,-25.7195,-66.8178,13.566,49.1876,48.4,-0.0620244,0.994742,-0.0616383,-0.0533105
311,8,-8.81634,-51.0413,-7.11351,-45.5231,-7.29653,-45.7326,-25.7195,-66.8178,13.7127,49.183,48.3871,-0.0655037,0.994809,-0.0596836,-0.0500262
312,5,-4.77525,-49.8776,-2.40038,-45.2926,-2.57223,-45.5051,-19.7314,-66.731,13.9695,49.164,48.3561,-0.073217,0.994709,-0.0627543,-0.0354403
313,8,-4.37826,-49.9645,-2.40038,-45.2926,-2.57223,-45.5051,-19.7314,-66.731,14.0276,49.1574,48.3169,-0.0739498,0.994719,-0.0623421,-0.0343455
314,0,-0.568825,-48.6913,-2.40038,-45.2926,-2.57223,-45.5051,-19.7314,-66.731,14.3547,49.1356,48.3095,-0.0809097,0.994328,-0.0658074,-0.0208444
315,0,1.6143,-49.1603,-2.40038,-45.2926,-2.57223,-45.5051,-19.7314,-66.731,14.5239,49.1076,48.263,-0.0848945,0.994307,-0.0629739,-0.0134347
316,8,1.6143,-49.1603,3.91556,-45.7074,3.75686,-45.9252,-12.0467,-67.6062,14.5239,49.1076,48.263,-0.0848945,0.994307,-0.0629739,-0.0134347
317,0,4.94777,-48.1117,3.91556,-45.7074,3.75686,-45.9252,-12.0467,-67.6062,14.8669,49.0935,48.2812,-0.0920862,0.99358,-0.0656612,-0.00265215
318,5,10.2022,-47.2386,8.85133,-44.4944,8.70921,-44.712,-5.31961,-66.1839,15.3682,49.0905,48.2644,-0.100499,0.992551,-0.0669761,0.0160273
319,8,9.11382,-46.7453,8.85133,-44.4944,8.70921,-44.712,-5.31961,-66.1839,15.2221,49.0993,48.2977,-0.0984879,0.992625,-0.0694474,0.0131225
320,5,14.5921,-46.2513,13.9876,-43.1857,13.8636,-43.4022,1.70249,-64.6403,15.6879,49.1028,48.2853,-0.107738,0.991236,-0.0691955,0.032493
321,8,15.2956,-46.4116,13.9876,-43.1857,13.8636,-43.4022,1.70249,-64.6403,15.762,49.0881,48.2513,-0.108868,0.991102,-0.0682626,0.0347
322,5,21.4903,-45.5944,18.9597,-41.8748,18.854,-42.0894,8.52092,-63.0856,16.3217,49.1201,48.2869,-0.118276,0.988951,-0.0690965,0.0566758
323,8,20.3666,-45.7279,18.9597,-41.8748,18.854,-42.0894,8.52092,-63.0856,16.2972,49.1074,48.269,-0.116938,0.989388,-0.0689116,0.0518484
324,0,27.9687,-44.7684,18.9597,-41.8748,18.854,-42.0894,8.52092,-63.0856,16.9863,49.1581,48.3293,-0.127616,0.98623,-0.0698906,0.0786189
325,8,27.9687,-44.7684,23.9992,-41.4942,23.9085,-41.7087,14.9867,-62.809,16.9863,49.1581,48.3293,-0.127616,0.98623,-0.0698906,0.0786189
326,8,29.6594,-44.4628,23.9992,-41.4942,23.9085,-41.7087,14.9867,-62.809,17.1371,49.1889,48.3655,-0.130472,0.985348,-0.0704743,0.0842599
327,0,32.623,-44.804,23.9992,-41.4942,23.9085,-41.7087,14.9867,-62.809,17.4793,49.2641,48.5257,-0.134522,0.984208,-0.0676716,0.0930546
328,8,32.623,-44.804,28.965,-39.4351,28.8964,-39.6444,22.1484,-60.229,17.4793,49.2641,48.5257,-0.134522,0.984208,-0.0676716,0.0930546
329,0,36.9113,-41.6707,28.965,-39.4351,28.8964,-39.6444,22.1484,-60.229,17.7864,49.3151,48.5402,-0.141336,0.980627,-0.0791679,0.110128
330,5,41.6403,-41.3707,34.5167,-38.5452,34.4667,-38.7517,29.4923,-59.2793,18.2923,49.4151,48.6371,-0.147582,0.978012,-0.0787105,0.124565
331,8,38.6322,-41.8385,34.5167,-38.5452,34.4667,-38.7517,29.4923,-59.2793,17.9479,49.3531,48.5735,-0.14421,0.979758,-0.0777803,0.115012
332,5,45.2635,-41.3878,38.992,-38.5279,38.9536,-38.7336,35.0835,-59.473,18.3919,49.4003,48.5757,-0.153481,0.975585,-0.0773789,0.136711
333,8,46.0863,-41.1092,38.992,-38.5279,38.9536,-38.7336,35.0835,-59.473,18.5768,49.4713,48.6917,-0.153791,0.975149,-0.0782331,0.13897
334,0,52.5407,-40.9172,38.992,-38.5279,38.9536,-38.7336,35.0835,-59.473,19.0196,49.4672,48.5788,-0.162664,0.970852,-0.076933,0.158332
335,8,52.5407,-40.9172,44.2064,-37.2355,44.1869,-37.4363,42.1955,-57.9555,19.0196,49.4672,48.5788,-0.162664,0.970852,-0.076933,0.158332
336,5,55.8986,-40.3716,49.7363,-36.5457,49.7333,-36.7428,49.4182,-57.279,19.1829,49.4808,48.6105,-0.167683,0.968168,-0.0777464,0.168785
337,8,56.8563,-39.1911,49.7363,-36.5457,49.7333,-36.7428,49.4182,-57.279,19.4452,49.5128,48.6298,-0.16843,0.967197,-0.0821882,0.171482
338,0,60.0322,-39.6877,49.7363,-36.5457,49.7333,-36.7428,49.4182,-57.279,19.7002,49.5238,48.7106,-0.172679,0.965347,-0.0785486,0.179215
339,5,61.9918,-39.0294,55.2483,-35.9048,55.2609,-36.0979,56.5956,-56.6686,19.8176,49.5054,48.7333,-0.175174,0.963593,-0.0802375,0.185378
340,8,64.2226,-38.2683,55.2483,-35.9048,55.2609,-36.0979,56.5956,-56.6686,20.0642,49.4666,48.7808,-0.177661,0.96179,-0.0819223,0.191532
341,0,66.9987,-36.2531,55.2483,-35.9048,55.2609,-36.0979,56.5956,-56.6686,20.2881,49.4031,48.811,-0.181274,0.958693,-0.0882504,0.200647
342,5,21.089,10.9731,24.6543,3.7856,24.791,3.73506,37.0614,-0.800949,19.4843,43.8535,49.929,-0.0535087,0.94982,-0.296776,0.0830855
343,8,21.389,10.8983,24.6543,3.7856,24.791,3.73506,37.0614,-0.800949,19.5402,43.91,49.9706,-0.0544447,0.949789,-0.296468,0.0839277
344,5,18.7883,11.462,20.7572,2.86895,20.8805,2.81589,31.7692,-1.86759,19.4143,43.8011,49.9423,-0.0492397,0.949969,-0.299621,0.0732248
345,8,17.839,11.9698,20.7572,2.86895,20.8805,2.81589,31.7692,-1.86759,19.2274,43.6362,49.9209,-0.0480957,0.949705,-0.301346,0.0702645
346,0,15.7797,12.2965,20.7572,2.86895,20.8805,2.81589,31.7692,-1.86759,19.0156,43.4564,49.8528,-0.0440271,0.950005,-0.30273,0.0625108
347,5,11.9507,14.1106,17.9915,-2.92182,18.0779,-2.99845,25.6003,-9.66744,18.5123,43.0652,49.7612,-0.0365714,0.948681,-0.310296,0.0488287
348,8,14.4789,13.3246,17.9915,-2.92182,18.0779,-2.99845,25.6003,-9.66744,18.8124,43.2793,49.8061,-0.039421,0.949026,-0.307189,0.058565
349,5,8.62092,15.7146,15.1299,15.2839,15.3015,15.2854,30.5775,15.4161,18.3009,42.9009,49.7228,-0.0291047,0.94707,-0.317768,0.0351318
350,8,8.62092,15.7146,15.1299,15.2839,15.3015,15.2854,30.5775,15.4161,18.3009,42.9009,49.7228,-0.0291047,0.94707,-0.317768,0.0351318
351,5,1.77169,17.401,3.75349,5.02929,3.84496,4.9929,11.5705,1.91833,17.5626,42.5149,49.5882,-0.0163309,0.945661,-0.324631,0.00854627
352,8,3.6976,17.0629,3.75349,5.02929,3.84496,4.9929,11.5705,1.91833,17.7772,42.5608,49.5685,-0.0174451,0.946017,-0.32323,0.0163994
353,8,-1.57167,18.3038,-7.52271,29.695,-7.33953,29.7674,9.08268,36.2616,17.2998,42.3903,49.5127,-0.00950336,0.944469,-0.328423,-0.00516924
354,0,-9.41572,5.8851,-11.2665,31.7215,-7.33953,29.7674,5.36354,39.2201,12.4458,44.3006,50.1506,-0.0204788,0.95923,-0.281693,-0.0103282
355,8,-2.84402,17.2295,-11.2665,31.7215,-11.0842,31.8037,5.36354,39.2201,17.132,42.4395,49.5013,-0.00754514,0.946036,-0.323819,-0.0100005
356,5,-11.2865,-5.06734,-11.8601,-8.95754,-11.8906,-9.04517,-14.4747,-16.4872,11.2435,44.4726,50.1918,-0.0350749,0.972117,-0.231293,-0.0161847
357,8,-11.2865,-5.06734,-11.8601,-8.95754,-11.8906,-9.04517,-14.4747,-16.4872,11.2435,44.4726,50.1918,-0.0350749,0.972117,-0.231293,-0.0161847
358,5,-11.4277,-5.68373,-11.9584,-10.1752,-11.9956,-10.2677,-15.1689,-18.1508,10.5432,44.4477,50.1176,-0.037631,0.972678,-0.228763,-0.012159
359,8,-10.8794,-5.82393,-11.9584,-10.1752,-11.9956,-10.2677,-15.1689,-18.1508,10.6779,44.4569,50.1567,-0.0381244,0.972891,-0.227854,-0.0105641
360,5,-10.6691,-6.00251,-11.8929,-10.7166,-11.9328,-10.8113,-15.3413,-18.8957,10.621,44.4546,50.1488,-0.0391553,0.973053,-0.227041,-0.0093485
361,8,-11.4511,-6.29153,-11.8929,-10.7166,-11.9328,-10.8113,-15.3413,-18.8957,9.91869,44.4255,50.0514,-0.040186,0.973211,-0.226227,-0.00813291
362,5,-11.6779,-7.73054,-12.1366,-11.6454,-12.1821,-11.7438,-16.0814,-20.1566,9.3381,44.4105,50.1077,-0.0435533,0.974642,-0.219409,-0.00600525
363,8,-11.6779,-7.73054,-12.1366,-11.6454,-12.1821,-11.7438,-16.0814,-20.1566,9.3381,44.4105,50.1077,-0.0435533,0.974642,-0.219409,-0.00600525
364,5,-12.1311,-8.26685,-12.2511,-12.225,-12.3,-12.3256,-16.4964,-20.9452,8.83772,44.3495,50.0308,-0.0469119,0.974958,-0.217317,-0.00545317
365,8,-11.7225,-8.5206,-12.2511,-12.225,-12.3,-12.3256,-16.4964,-20.9452,8.78165,44.3533,50.0479,-0.0471665,0.975272,-0.215896,-0.00301275
366,5,-12.0923,-8.77993,-12.4703,-12.6655,-12.5222,-12.7677,-16.9767,-21.538,8.19563,44.2886,49.9916,-0.0513201,0.975225,-0.215176,-0.00155791
367,8,-12.7273,-8.82055,-12.4703,-12.6655,-12.5222,-12.7677,-16.9767,-21.538,8.24469,44.2772,49.9396,-0.0502698,0.975258,-0.215223,-0.004901
368,5,-12.514,-9.05141,-12.5658,-13.3232,-12.6214,-13.4279,-17.4046,-22.4345,7.57514,44.2201,49.932,-0.0554727,0.975158,-0.214452,-0.000103038
369,8,-12.514,-9.05141,-12.5658,-13.3232,-12.6214,-13.4279,-17.4046,-22.4345,7.57514,44.2201,49.932,-0.0554727,0.975158,-0.214452,-0.000103038
370,8,-12.9508,-9.46486,-12.5658,-13.3232,-12.6214,-13.4279,-17.4046,-22.4345,7.42245,44.2101,49.9107,-0.0562049,0.975484,-0.212769,-0.00147419
371,5,-13.1049,-9.97485,-12.4911,-13.9718,-12.5498,-14.079,-17.6158,-23.3268,7.20592,44.1796,49.8568,-0.0595678,0.975694,-0.210878,-0.00169859
372,8,-12.4803,-10.0233,-12.4911,-13.9718,-12.5498,-14.079,-17.6158,-23.3268,7.12846,44.193,49.8981,-0.059884,0.975797,-0.21031,0.00202526
373,5,-12.7288,-10.5474,-12.7697,-14.4509,-12.8317,-14.5598,-18.1883,-23.9697,6.97421,44.1784,49.8835,-0.0631111,0.976017,-0.208342,0.000793528
374,5,-13.3877,-10.8099,-12.7697,-14.4509,-12.8317,-14.5598,-18.1883,-23.9697,6.73122,44.1351,49.8047,-0.0646337,0.976059,-0.207678,-0.00118059
375,0,-13.416,-11.1149,-12.7697,-14.4509,-12.8317,-14.5598,-18.1883,-23.9697,6.53519,44.1367,49.8422,-0.0663372,0.976222,-0.206371,-0.000438212
376,5,-13.8715,-10.9376,-12.7014,-15.6525,-12.7694,-15.7661,-18.6673,-25.6194,6.36923,44.1141,49.7325,-0.0685661,0.975691,-0.208137,-0.00207671
377,8,-13.3456,-11.1071,-12.7014,-15.6525,-12.7694,-15.7661,-18.6673,-25.6194,6.39395,44.102,49.7355,-0.0687087,0.97594,-0.206929,0.000382014
378,5,-13.6608,-10.994,-12.986,-16.1124,-13.0571,-16.2276,-19.2383,-26.2358,6.31246,44.1177,49.692,-0.0709085,0.975489,-0.208307,-0.00129297
379,8,-14.2542,-10.7404,-12.986,-16.1124,-13.0571,-16.2276,-19.2383,-26.2358,6.24906,44.0977,49.6531,-0.0707944,0.975149,-0.209901,-0.00371519
380,0,-14.0144,-10.9054,-12.986,-16.1124,-13.0571,-16.2276,-19.2383,-26.2358,6.20589,44.1382,49.635,-0.0731076,0.975028,-0.209683,-0.00296795
381,8,-14.0144,-10.9054,-12.8767,-16.4867,-12.9495,-16.6033,-19.2777,-26.7538,6.20589,44.1382,49.635,-0.0731076,0.975028,-0.209683,-0.00296795
382,5,-14.2583,-10.7083,-12.9552,-17.0596,-13.031,-17.1784,-19.6445,-27.535,6.31321,44.2612,49.7285,-0.0725569,0.97474,-0.211171,-0.00504744
383,8,-14.2583,-10.7083,-12.9552,-17.0596,-13.031,-17.1784,-19.6445,-27.535,6.31321,44.2612,49.7285,-0.0725569,0.97474,-0.211171,-0.00504744
384,8,-13.6669,-11.7459,-12.9552,-17.0596,-13.031,-17.1784,-19.6445,-27.535,6.38771,44.2835,49.704,-0.0735279,0.975755,-0.206121,-0.00320959
385,0,-13.3642,-12.3031,-12.9552,-17.0596,-13.031,-17.1784,-19.6445,-27.535,6.52503,44.4073,49.888,-0.0726793,0.97643,-0.203208,-0.00286342
386,8,-13.3642,-12.3031,-13.0794,-17.1284,-13.1559,-17.2473,-19.8317,-27.6233,6.52503,44.4073,49.888,-0.0726793,0.97643,-0.203208,-0.00286342
387,0,-13.7092,-11.9381,-13.0794,-17.1284,-13.1559,-17.2473,-19.8317,-27.6233,6.7321,44.4572,49.8465,-0.0726577,0.975904,-0.205652,-0.00622011
388,5,-13.8283,-11.8541,-12.8529,-17.3822,-12.9301,-17.5022,-19.6684,-27.982,6.90241,44.4907,49.8264,-0.0712712,0.975885,-0.206178,-0.00772619
389,0,-13.8651,-11.7775,-12.8529,-17.3822,-12.9301,-17.5022,-19.6684,-27.982,7.12512,44.5345,49.8002,-0.0698845,0.975861,-0.206703,-0.00923223
390,0,-13.0551,-12.9231,-12.8529,-17.3822,-12.9301,-17.5022,-19.6684,-27.982,7.41995,44.6473,49.926,-0.06886,0.977197,-0.20072,-0.00753248
391,8,-13.0551,-12.9231,-12.5334,-17.6763,-12.6112,-17.7977,-19.4078,-28.4005,7.41995,44.6473,49.926,-0.06886,0.977197,-0.20072,-0.00753248
392,8,-12.9192,-13.2893,-12.5334,-17.6763,-12.6112,-17.7977,-19.4078,-28.4005,7.59081,44.6669,49.8743,-0.0672886,0.977675,-0.198905,-0.00773857
393,5,-13.0896,-12.7715,-12.1483,-17.6072,-12.2247,-17.7286,-18.8949,-28.3245,7.92098,44.7399,49.8954,-0.0640385,0.977362,-0.201396,-0.0100904
394,8,-13.2593,-13.1578,-12.1483,-17.6072,-12.2247,-17.7286,-18.8949,-28.3245,7.96117,44.7557,49.9008,-0.0639348,0.977709,-0.199668,-0.0113848
395,4,-13.0738,-12.2621,-12.0271,-17.6459,-12.1033,-17.7676,-18.7619,-28.3835,8.36768,44.8387,49.924,-0.060787,0.977027,-0.203882,-0.0124421
396,4,-12.5871,-12.1823,-12.0983,-17.6232,-12.1747,-17.7447,-18.8401,-28.3488,8.56238,44.9167,50.0298,-0.0593499,0.977125,-0.203914,-0.0110651
397,8,-12.5871,-12.1823,-11.9058,-17.6848,-11.982,-17.8067,-18.6289,-28.4427,8.56238,44.9167,50.0298,-0.0593499,0.977125,-0.203914,-0.0110651
398,0,-12.4831,-12.9281,-11.9058,-17.6848,-11.982,-17.8067,-18.6289,-28.4427,9.01116,45.0319,50.0945,-0.056322,0.978031,-0.200262,-0.0133849
399,4,-12.1441,-10.8635,-11.8113,-17.622,-11.8869,-17.7437,-18.4815,-28.3612,9.47093,45.1733,50.2598,-0.0522045,0.976233,-0.209903,-0.0135849
400,8,-12.1441,-10.8635,-11.8113,-17.622,-11.8869,-17.7437,-18.4815,-28.3612,9.47093,45.1733,50.2598,-0.0522045,0.976233,-0.209903,-0.0135849
401,5,-12.0441,-11.615,-11.7583,-17.5936,-11.8336,-17.7153,-18.402,-28.3249,9.93329,45.261,50.2634,-0.047467,0.977264,-0.20607,-0.0153876
402,8,-11.0513,-10.809,-11.7583,-17.5936,-11.8336,-17.7153,-18.402,-28.3249,10.2281,45.3407,50.3389,-0.0463432,0.976599,-0.20967,-0.0120714
403,0,-11.3517,-12.4159,-11.7583,-17.5936,-11.8336,-17.7153,-18.402,-28.3249,10.781,45.4218,50.27,-0.0427275,0.978255,-0.202228,-0.0171897
404,5,-10.922,-12.1103,-11.3813,-17.2701,-11.454,-17.3908,-17.7799,-27.8999,11.1524,45.5227,50.3866,-0.039029,0.978192,-0.203321,-0.0166786
405,0,-10.3589,-11.8134,-11.3813,-17.2701,-11.454,-17.3908,-17.7799,-27.8999,11.6096,45.6469,50.5302,-0.0353298,0.978114,-0.204411,-0.0161672
406,4,-10.4711,-11.5092,-10.4736,-16.7113,-10.5409,-16.8305,-16.385,-27.1783,12.1851,45.7938,50.6775,-0.030725,0.977903,-0.205832,-0.0198482
407,8,-10.4711,-11.5092,-10.4736,-16.7113,-10.5409,-16.8305,-16.385,-27.1783,12.1851,45.7938,50.6775,-0.030725,0.977903,-0.205832,-0.0198482
408,8,-10.5879,-11.4278,-10.4736,-16.7113,-10.5409,-16.8305,-16.385,-27.1783,12.5004,45.8312,50.6297,-0.0290423,0.977761,-0.206491,-0.0224045
409,5,-9.94205,-11.8792,-10.2759,-16.491,-10.3416,-16.6096,-16.035,-26.8861,13.3335,46.0068,50.7459,-0.0223542,0.97841,-0.204113,-0.0235137
410,8,-10.2502,-10.6744,-10.2759,-16.491,-10.3416,-16.6096,-16.035,-26.8861,13.1339,45.9542,50.6849,-0.0231857,0.977129,-0.210052,-0.0236666
411,5,-9.83663,-10.9147,-9.78378,-16.3046,-9.84715,-16.4228,-15.3335,-26.6546,13.8899,46.1274,50.8407,-0.015465,0.977563,-0.20858,-0.0250053
412,8,-9.40578,-12.3477,-9.78378,-16.3046,-9.84715,-16.4228,-15.3335,-26.6546,14.1025,46.1689,50.8531,-0.015665,0.979008,-0.201723,-0.0246216
413,0,-8.73679,-11.2253,-9.78378,-16.3046,-9.84715,-16.4228,-15.3335,-26.6546,15.1059,46.4061,51.0914,-0.00774324,0.977935,-0.207095,-0.0263423
414,8,-8.73679,-11.2253,-9.52529,-16.1083,-9.58694,-16.226,-14.9189,-26.3983,15.1059,46.4061,51.0914,-0.00774324,0.977935,-0.207095,-0.0263423
415,8,-8.42971,-10.8083,-9.52529,-16.1083,-9.58694,-16.226,-14.9189,-26.3983,15.7888,46.5489,51.1932,-0.00249523,0.977446,-0.209261,-0.0283501
416,0,-8.00011,-12.2801,-9.52529,-16.1083,-9.58694,-16.226,-14.9189,-26.3983,16.5002,46.6764,51.2658,0.00278264,0.978875,-0.202239,-0.0299287
417,8,-8.00011,-12.2801,-9.19733,-15.859,-9.25679,-15.9759,-14.3927,-26.0725,16.5002,46.6764,51.2658,0.00278264,0.978875,-0.202239,-0.0299287
418,0,-8.42388,-12.0405,-9.19733,-15.859,-9.25679,-15.9759,-14.3927,-26.0725,17.5616,46.8544,51.3404,0.0107617,0.97821,-0.203868,-0.0377874
419,8,-8.42388,-12.0405,-8.74986,-15.7105,-8.8073,-15.8271,-13.7647,-25.8908,17.5616,46.8544,51.3404,0.0107617,0.97821,-0.203868,-0.0377874
420,4,-8.02549,-11.3129,-8.54045,-15.6778,-8.59714,-15.7944,-13.4882,-25.8562,18.2864,46.9809,51.4429,0.0151928,0.977276,-0.207636,-0.0398553
421,5,-8.14762,-11.5915,-8.37507,-15.6522,-8.43118,-15.7689,-13.2698,-25.8292,18.3226,46.9863,51.4458,0.0172276,0.977539,-0.206192,-0.0400701
422,8,-7.30689,-11.9706,-8.37507,-15.6522,-8.43118,-15.7689,-13.2698,-25.8292,19.0109,47.089,51.5011,0.0192624,0.977796,-0.204747,-0.0402847
423,5,-6.3965,-12.1654,-8.02751,-15.6674,-8.08272,-15.7843,-12.8433,-25.8668,20.0489,47.2493,51.6835,0.0255468,0.977761,-0.204023,-0.0413054
424,8,-6.14223,-12.0771,-8.02751,-15.6674,-8.08272,-15.7843,-12.8433,-25.8668,20.1268,47.2964,51.7827,0.0258064,0.97771,-0.20441,-0.0404312
425,5,-5.51087,-12.6393,-7.1187,-15.7512,-7.17182,-15.8691,-11.7489,-26.0258,21.3828,47.4649,51.9697,0.0329927,0.977824,-0.202042,-0.0441717
426,8,-5.28843,-12.4054,-7.1187,-15.7512,-7.17182,-15.8691,-11.7489,-26.0258,21.2351,47.4326,51.892,0.0318302,0.977685,-0.20329,-0.0423246
427,5,-4.79801,-13.239,-6.97645,-15.7092,-7.02895,-15.827,-11.5517,-25.9752,22.7127,47.6432,52.1677,0.0401767,0.977868,-0.199661,-0.047909
428,8,-4.79801,-13.239,-6.97645,-15.7092,-7.02895,-15.827,-11.5517,-25.9752,22.7127,47.6432,52.1677,0.0401767,0.977868,-0.199661,-0.047909
429,5,-4.19479,-13.4423,-6.26277,-15.8824,-6.31418,-16.0014,-10.7427,-26.2472,23.7167,47.7492,52.3105,0.045912,0.977629,-0.199023,-0.0502356
430,8,-3.52237,-13.2622,-6.26277,-15.8824,-6.31418,-16.0014,-10.7427,-26.2472,23.8034,47.7824,52.3817,0.045914,0.977576,-0.200004,-0.0472911
431,5,-3.04756,-13.565,-5.62943,-15.7405,-5.67832,-15.8593,-9.88599,-26.0836,24.9594,47.8691,52.5084,0.0531273,0.977248,-0.198942,-0.05086
432,8,-3.40345,-13.6826,-5.62943,-15.7405,-5.67832,-15.8593,-9.88599,-26.0836,24.8642,47.8703,52.4737,0.0516455,0.977352,-0.198377,-0.0525602
433,5,-2.39406,-13.9102,-4.33784,-15.8949,-4.38389,-16.0151,-8.34712,-26.3578,26.2556,47.9664,52.6505,0.060337,0.976855,-0.197867,-0.0544254
434,8,-2.39406,-13.9102,-4.33784,-15.8949,-4.38389,-16.0151,-8.34712,-26.3578,26.2556,47.9664,52.6505,0.060337,0.976855,-0.197867,-0.0544254
435,5,-2.3486,-14.5691,-3.60194,-16.472,-3.64894,-16.5949,-7.69998,-27.1842,27.1833,48.0212,52.7786,0.0658343,0.976844,-0.194857,-0.0589249
436,8,-2.68439,-14.7278,-3.60194,-16.472,-3.64894,-16.5949,-7.69998,-27.1842,27.2673,48.0345,52.8096,0.0663241,0.976854,-0.193972,-0.0610888
437,0,-2.13516,-15.2534,-3.60194,-16.472,-3.64894,-16.5949,-7.69998,-27.1842,28.2435,48.0838,52.9249,0.0713277,0.976775,-0.191835,-0.0634209
438,8,-2.13516,-15.2534,-3.27047,-16.1626,-3.31492,-16.2844,-7.14119,-26.7764,28.2435,48.0838,52.9249,0.0713277,0.976775,-0.191835,-0.0634209
439,0,-1.57648,-15.8744,-3.27047,-16.1626,-3.31492,-16.2844,-7.14119,-26.7764,28.8928,48.0841,52.9639,0.0758222,0.976946,-0.189205,-0.0634745
440,5,-1.47214,-14.7956,-2.54557,-16.4806,-2.58963,-16.6041,-6.38615,-27.2474,29.5293,48.1383,53.1537,0.0787856,0.975483,-0.194402,-0.0665946
441,8,-1.47214,-14.7956,-2.54557,-16.4806,-2.58963,-16.6041,-6.38615,-27.2474,29.5293,48.1383,53.1537,0.0787856,0.975483,-0.194402,-0.0665946
442,5,-1.11701,-15.5835,-2.03529,-16.4259,-2.07762,-16.5495,-5.72388,-27.1972,30.3597,48.1279,53.1965,0.0840781,0.975578,-0.190952,-0.0686772
443,8,-0.977434,-15.7995,-2.03529,-16.4259,-2.07762,-16.5495,-5.72388,-27.1972,30.438,48.153,53.2568,0.0843309,0.975781,-0.189944,-0.0682691
444,5,-1.00358,-16.3114,-1.50354,-16.5842,-1.54519,-16.7088,-5.1348,-27.4399,31.0995,48.1407,53.3114,0.0895384,0.975559,-0.187629,-0.0711502
445,8,-0.60987,-16.4,-1.50354,-16.5842,-1.54519,-16.7088,-5.1348,-27.4399,31.3086,48.1159,53.2455,0.0893668,0.97563,-0.187494,-0.0707567
446,5,-0.674628,-16.9257,-1.19412,-16.5988,-1.23498,-16.7235,-4.75563,-27.4749,32.1696,48.1122,53.3701,0.0955682,0.975206,-0.185061,-0.0747793
447,8,-0.487038,-16.8724,-1.19412,-16.5988,-1.23498,-16.7235,-4.75563,-27.4749,32.1637,48.1208,53.3994,0.0947423,0.975297,-0.185307,-0.0740284
448,0,-0.455855,-17.4814,-1.19412,-16.5988,-1.23498,-16.7235,-4.75563,-27.4749,33.2527,48.1076,53.5268,0.101764,0.974724,-0.182616,-0.0787974
449,8,-0.455855,-17.4814,-1.0282,-16.8744,-1.07003,-17.0003,-4.67801,-27.8606,33.2527,48.1076,53.5268,0.101764,0.974724,-0.182616,-0.0787974
450,8,-0.568803,-17.9901,-1.0282,-16.8744,-1.07003,-17.0003,-4.67801,-27.8606,33.4909,48.0762,53.4723,0.103702,0.974827,-0.180297,-0.0803259
451,0,-0.476772,-18.3295,-1.0282,-16.8744,-1.07003,-17.0003,-4.67801,-27.8606,34.0259,48.0879,53.5926,0.107217,0.97458,-0.178782,-0.0820668
452,8,-0.476772,-18.3295,-0.687686,-17.0585,-0.729518,-17.1853,-4.33964,-28.1294,34.0259,48.0879,53.5926,0.107217,0.97458,-0.178782,-0.0820668
453,0,-0.274632,-17.5758,-0.687686,-17.0585,-0.729518,-17.1853,-4.33964,-28.1294,34.5135,48.0496,53.6273,0.109755,0.973457,-0.182514,-0.0838095
454,5,0.00820184,-17.6304,-0.548364,-17.169,-0.590381,-17.2964,-4.21773,-28.2876,35.2247,47.9597,53.5897,0.114166,0.972756,-0.182576,-0.0858947
455,8,0.0767598,-18.1598,-0.548364,-17.169,-0.590381,-17.2964,-4.21773,-28.2876,34.7637,48.0237,53.6504,0.111796,0.973796,-0.179929,-0.0827631
456,5,-0.44174,-18.6884,-0.146935,-17.2236,-0.188099,-17.3513,-3.74252,-28.3818,34.9479,48.0076,53.6557,0.11656,0.973522,-0.177428,-0.0847811
457,8,-0.097981,-17.6611,-0.146935,-17.2236,-0.188099,-17.3513,-3.74252,-28.3818,35.6605,47.9046,53.5666,0.118573,0.972031,-0.182635,-0.0879779
458,8,0.108049,-19.3042,-0.146935,-17.2236,-0.188099,-17.3513,-3.74252,-28.3818,35.9149,47.9228,53.6838,0.121321,0.973216,-0.174922,-0.0867963
459,8,0.108049,-19.3042,0.286398,-17.6629,0.244161,-17.7925,-3.40816,-29.0048,35.9149,47.9228,53.6838,0.121321,0.973216,-0.174922,-0.0867963
460,0,0.0313275,-18.4856,0.286398,-17.6629,0.244161,-17.7925,-3.40816,-29.0048,36.3439,47.857,53.6565,0.12451,0.971841,-0.178933,-0.0894772
461,5,0.0647838,-18.8839,0.255063,-17.828,0.211876,-17.9583,-3.52478,-29.2295,36.5062,47.8366,53.6538,0.12697,0.971845,-0.177232,-0.0893599
462,8,0.932754,-18.7658,0.255063,-17.828,0.211876,-17.9583,-3.52478,-29.2295,36.7583,47.8189,53.6754,0.126487,0.97195,-0.178263,-0.0868175
463,8,0.489921,-19.3178,0.255063,-17.828,0.211876,-17.9583,-3.52478,-29.2295,36.9526,47.7807,53.6464,0.12943,0.97184,-0.17553,-0.089242
464,5,0.478258,-20.229,0.529621,-17.7818,0.487453,-17.9121,-3.16058,-29.1796,37.4294,47.743,53.6789,0.133939,0.971839,-0.171457,-0.0905028
465,8,1.56089,-20.5093,0.529621,-17.7818,0.487453,-17.9121,-3.16058,-29.1796,37.3561,47.7433,53.638,0.131908,0.972721,-0.170828,-0.0850453
466,5,1.13142,-20.6122,0.80924,-17.8158,0.767687,-17.9464,-2.8277,-29.2398,37.8989,47.6684,53.6022,0.138369,0.971537,-0.170608,-0.0886739
467,8,0.511481,-21.1526,0.80924,-17.8158,0.767687,-17.9464,-2.8277,-29.2398,37.9459,47.7023,53.7142,0.138444,0.971801,-0.167378,-0.0917602
468,5,0.384793,-20.8787,0.884897,-17.8456,0.843403,-17.9763,-2.74731,-29.2843,38.3718,47.6309,53.6338,0.144229,0.970473,-0.169255,-0.0934445
469,8,0.893163,-20.7431,0.884897,-17.8456,0.843403,-17.9763,-2.74731,-29.2843,38.5817,47.5742,53.5572,0.144822,0.970299,-0.170377,-0.0922975
470,4,0.563989,-20.6623,0.947133,-17.8877,0.905595,-18.0186,-2.68942,-29.3449,39.0106,47.5239,53.5132,0.150009,0.969105,-0.171125,-0.0951251
471,8,0.563989,-20.6623,1.23734,-18.0831,1.1956,-18.2149,-2.41912,-29.6268,39.0106,47.5239,53.5132,0.150009,0.969105,-0.171125,-0.0951251
472,0,-0.329415,-22.5292,1.23734,-18.0831,1.1956,-18.2149,-2.41912,-29.6268,39.2858,47.5445,53.6011,0.154443,0.96962,-0.161949,-0.0987821
473,5,-0.25308,-22.975,-1.25747,-18.8901,-1.31043,-19.0236,-5.91038,-30.6113,39.6168,47.5404,53.5926,0.158402,0.969213,-0.160529,-0.0988197
474,8,0.00506878,-22.418,-1.25747,-18.8901,-1.31043,-19.0236,-5.91038,-30.6113,39.4115,47.5433,53.6121,0.155309,0.969447,-0.162878,-0.0975854
475,0,-0.349239,-23.3827,-1.25747,-18.8901,-1.31043,-19.0236,-5.91038,-30.6113,39.8197,47.5379,53.5873,0.162359,0.968789,-0.159106,-0.0988555
476,8,-0.349239,-23.3827,-14.8451,-18.7433,-14.9343,-18.8668,-22.7927,-29.7501,39.8197,47.5379,53.5873,0.162359,0.968789,-0.159106,-0.0988555
477,5,-0.492809,-23.5532,-22.2633,-18.7814,-22.3714,-18.8989,-32.0652,-29.442,39.985,47.5554,53.5793,0.165047,0.968333,-0.158716,-0.0994974
478,8,-0.894864,-24.5982,-22.2633,-18.7814,-22.3714,-18.8989,-32.0652,-29.442,40.0685,47.5767,53.6363,0.165194,0.968964,-0.153412,-0.101409
479,5,-1.06529,-24.5725,-22.8671,-18.9583,-22.9774,-19.076,-32.9015,-29.6551,40.1252,47.5873,53.6354,0.167239,0.968521,-0.153732,-0.101803
480,8,-0.534616,-23.7653,-22.8671,-18.9583,-22.9774,-19.076,-32.9015,-29.6551,40.2328,47.5816,53.5673,0.167733,0.967869,-0.158325,-0.100138
481,4,-1.06236,-24.6291,-23.09,-19.1883,-23.2019,-19.3065,-33.2875,-29.9593,40.3263,47.625,53.6321,0.169284,0.968074,-0.154051,-0.102198
482,5,-1.09613,-25.0606,-23.202,-19.3031,-23.3148,-19.4216,-33.4812,-30.1112,40.3482,47.6483,53.5904,0.170513,0.968158,-0.152446,-0.101763
483,8,-1.31852,-25.4982,-23.202,-19.3031,-23.3148,-19.4216,-33.4812,-30.1112,40.3875,47.6621,53.6717,0.17057,0.968421,-0.15002,-0.102763
484,0,-1.13645,-25.4785,-23.202,-19.3031,-23.3148,-19.4216,-33.4812,-30.1112,40.3654,47.6667,53.5577,0.171742,0.968238,-0.15084,-0.101329
485,8,-1.13645,-25.4785,-23.2719,-19.373,-23.3851,-19.4917,-33.6012,-30.2036,40.3654,47.6667,53.5577,0.171742,0.968238,-0.15084,-0.101329
486,4,-0.990041,-25.1873,-23.4334,-19.3883,-23.5471,-19.5069,-33.8098,-30.2167,40.3757,47.7232,53.6502,0.171492,0.968119,-0.152341,-0.100645
487,5,-1.39554,-25.1303,-23.5526,-19.3995,-23.6666,-19.5181,-33.9638,-30.2262,40.3378,47.7423,53.6548,0.171575,0.967917,-0.152321,-0.102455
488,4,-1.84456,-25.0783,-23.7129,-19.4704,-23.8277,-19.5891,-34.1971,-30.3156,40.2723,47.7754,53.6627,0.171658,0.967712,-0.152301,-0.104264
489,4,-1.7228,-26.1539,-23.5734,-19.4087,-23.6876,-19.5273,-33.9941,-30.2379,40.1474,47.7984,53.6048,0.172243,0.968564,-0.147746,-0.101916
490,8,-1.7228,-26.1539,-23.7897,-19.5043,-23.9048,-19.6231,-34.3089,-30.3584,40.1474,47.7984,53.6048,0.172243,0.968564,-0.147746,-0.101916
491,5,-1.90046,-25.713,-23.8439,-19.7018,-23.96,-19.8212,-34.4692,-30.6263,39.9606,47.8644,53.6731,0.170117,0.968615,-0.149461,-0.102498
492,8,-1.85398,-25.0915,-23.8439,-19.7018,-23.96,-19.8212,-34.4692,-30.6263,39.9561,47.8922,53.7164,0.169852,0.968196,-0.152397,-0.102574
493,0,-2.22481,-25.2566,-23.8439,-19.7018,-23.96,-19.8212,-34.4692,-30.6263,39.6802,47.9633,53.7755,0.167989,0.968659,-0.151176,-0.10308
494,8,-2.22481,-25.2566,-24.2027,-20.0195,-24.3211,-20.1397,-35.0659,-31.0442,39.6802,47.9633,53.7755,0.167989,0.968659,-0.151176,-0.10308
495,0,-1.98834,-25.2616,-24.2027,-20.0195,-24.3211,-20.1397,-35.0659,-31.0442,39.4498,47.9904,53.7385,0.165951,0.969194,-0.151316,-0.101129
496,5,-2.15014,-24.5691,-0.848821,-21.2641,-0.912757,-21.4066,-6.5151,-33.8839,39.0852,48.0486,53.7565,0.162119,0.969379,-0.154115,-0.101345
497,8,-1.96062,-24.5833,-0.848821,-21.2641,-0.912757,-21.4066,-6.5151,-33.8839,39.2063,48.0361,53.745,0.162649,0.969298,-0.154286,-0.101004
498,5,-1.73231,-24.1618,-1.43867,-21.5014,-1.50544,-21.6443,-7.36233,-34.1803,38.7341,48.1107,53.8181,0.157291,0.970158,-0.155865,-0.0987909
499,8,-2.20793,-23.8957,-1.43867,-21.5014,-1.50544,-21.6443,-7.36233,-34.1803,38.7987,48.0943,53.7706,0.158285,0.969542,-0.15691,-0.101559
500,5,-1.49336,-23.89,-1.76776,-21.3793,-1.83482,-21.5216,-7.7156,-33.9971,38.7838,48.0968,53.7739,0.155107,0.97027,-0.157176,-0.0990672
501,8,-1.59043,-23.7315,-1.76776,-21.3793,-1.83482,-21.5216,-7.7156,-33.9971,38.2047,48.1943,53.9002,0.151926,0.970982,-0.157438,-0.0965739
502,5,-0.791388,-23.2825,-1.74097,-21.317,-1.80765,-21.459,-7.65289,-33.9129,37.7305,48.2097,53.8304,0.145959,0.971981,-0.159709,-0.0918755
503,8,-0.637888,-23.1463,-1.74097,-21.317,-1.80765,-21.459,-7.65289,-33.9129,37.6607,48.1917,53.7531,0.146302,0.971891,-0.160649,-0.0906414
504,0,-0.19156,-22.8135,-1.74097,-21.317,-1.80765,-21.459,-7.65289,-33.9129,37.1105,48.2298,53.7391,0.139984,0.972919,-0.16197,-0.0871713
505,8,-0.19156,-22.8135,-1.9043,-21.2261,-1.97097,-21.3678,-7.81402,-33.7806,37.1105,48.2298,53.7391,0.139984,0.972919,-0.16197,-0.0871713
506,0,0.726651,-22.8854,-1.9043,-21.2261,-1.97097,-21.3678,-7.81402,-33.7806,36.7209,48.2582,53.6916,0.134926,0.974107,-0.161987,-0.0816748
507,5,0.423918,-22.4058,-1.16835,-20.8124,-1.23089,-20.953,-6.70165,-33.2495,36.5094,48.2821,53.7249,0.131221,0.974197,-0.163586,-0.0834338
508,0,-0.100205,-21.8958,-1.16835,-20.8124,-1.23089,-20.953,-6.70165,-33.2495,36.144,48.3234,53.7823,0.127513,0.974268,-0.165183,-0.0851913
509,5,0.912295,-21.5281,1.14842,-20.5719,1.09357,-20.7129,-3.69847,-33.0325,35.5734,48.3528,53.7456,0.118983,0.97554,-0.166902,-0.0794289
510,8,1.16807,-21.2975,1.14842,-20.5719,1.09357,-20.7129,-3.69847,-33.0325,35.7362,48.3592,53.7711,0.120604,0.975158,-0.168346,-0.0786234
511,5,2.39183,-20.9552,1.34766,-20.1961,1.2953,-20.3358,-3.27347,-32.5272,35.1753,48.3701,53.6986,0.109858,0.97663,-0.169813,-0.0727246
512,8,2.03017,-21.1674,1.34766,-20.1961,1.2953,-20.3358,-3.27347,-32.5272,35.0873,48.3779,53.7145,0.11044,0.976704,-0.168603,-0.0736577
513,5,3.16806,-20.9818,1.93833,-19.9843,1.88872,-20.1235,-2.43712,-32.2657,34.8075,48.3799,53.679,0.101118,0.977904,-0.169249,-0.0695242
514,8,3.30376,-20.5878,1.93833,-19.9843,1.88872,-20.1235,-2.43712,-32.2657,34.3901,48.3855,53.5972,0.0990962,0.977951,-0.171254,-0.0668146
515,4,3.45669,-20.7349,2.50205,-19.8221,2.45487,-19.961,-1.65769,-32.0708,33.8982,48.3863,53.5637,0.0917859,0.979001,-0.169877,-0.0653834
516,5,4.38288,-20.7316,2.80904,-19.7322,2.76318,-19.871,-1.23253,-31.9626,33.2083,48.3823,53.5347,0.0830141,0.980262,-0.169448,-0.0590195
517,8,4.73472,-20.1458,2.80904,-19.7322,2.76318,-19.871,-1.23253,-31.9626,33.4407,48.4278,53.6467,0.084654,0.979633,-0.172557,-0.0581192
518,0,5.50795,-20.7469,2.80904,-19.7322,2.76318,-19.871,-1.23253,-31.9626,32.6662,48.3791,53.5118,0.0742324,0.981405,-0.169,-0.0526486
519,8,5.50795,-20.7469,3.57046,-19.6194,3.52735,-19.7581,-0.229635,-31.845,32.6662,48.3791,53.5118,0.0742324,0.981405,-0.169,-0.0526486
520,5,6.17701,-18.8212,8.28889,-24.2361,8.23551,-24.3936,3.48943,-38.3997,30.9534,48.3263,53.3252,0.0567567,0.981596,-0.176981,-0.0438947
521,8,6.45298,-18.2526,8.28889,-24.2361,8.23551,-24.3936,3.48943,-38.3997,31.8744,48.3636,53.4568,0.0615392,0.980578,-0.180128,-0.0472647
522,8,7.68255,-16.9736,5.56833,-17.7368,5.54072,-17.8694,3.14659,-29.3627,29.9037,48.2939,53.2108,0.0392558,0.981348,-0.184883,-0.0351213
523,0,7.92974,-17.2704,5.56833,-17.7368,5.54072,-17.8694,3.14659,-29.3627,29.3424,48.289,53.2494,0.0342519,0.982033,-0.182888,-0.0314634
524,0,7.92974,-17.2704,5.74365,-17.0463,5.54072,-17.8694,3.68951,-28.425,29.3424,48.289,53.2494,0.0342519,0.982033,-0.182888,-0.0314634
