id,quality,time,targetX,targetY,outputEvalX,outputEvalY,outputApplyX,outputApplyY,outputEvalNopolX,outputEvalNopolY,headX,headY,headZ,headi,headj,headk,headw,ETx,ETy,ETrmin,ETrmax,ETphi
0,0,26140,2.35347,-5.48837,2.31187,-4.19384,2.24522,-3.88826,0.794135,3.5542,18.9522,27.8173,69.7698,-7.46768e-05,0.999983,0.00563041,0.00125445,313.868,284.461,23.93,38.0571,-0.0614135
1,0,26225,2.35347,-5.48837,2.31187,-4.19384,2.24522,-3.88826,0.794135,3.5542,18.9522,27.8173,69.7699,-7.46768e-05,0.999983,0.00563041,0.00125445,313.868,284.461,23.93,38.0571,-0.0614135
2,0,26225,2.35347,-5.48837,1.4069,13.9175,1.15455,13.1761,-0.106843,21.9482,18.9522,27.8173,69.7699,-7.46768e-05,0.999983,0.00563041,0.00125445,315.468,269.326,17.2537,36.7247,-0.0339108
3,8,26312,1.08548,13.5468,1.4069,13.9175,1.15455,13.1761,-0.106843,21.9482,18.9153,27.2721,66.9235,0.00105094,0.996215,-0.0866975,-0.0061508,315.468,269.326,17.2537,36.7247,-0.0339108
4,5,26434,-2.47128,12.1829,-3.71506,12.4937,-3.88174,11.921,-5.61993,20.461,18.8623,27.2877,66.9181,0.000511818,0.996516,-0.0799887,-0.0236276,323.292,270.302,17.3784,36.7682,0.0305727
5,5,26434,-4.75115,11.7562,-3.71506,12.4937,-3.88174,11.921,-5.61993,20.461,18.7547,27.3246,66.8621,-0.000593391,0.996354,-0.0781188,-0.0342955,323.292,270.302,17.3784,36.7682,0.0305727
6,0,26491,-6.96966,11.0853,-5.4443,11.605,-5.5793,11.1179,-7.48285,19.5443,18.6892,27.3855,66.7776,-0.000310738,0.996154,-0.0751677,-0.045013,325.962,271.022,17.8588,36.7756,0.0524695
7,0,26491,-8.45521,10.0449,-5.4443,11.605,-5.5793,11.1179,-7.48285,19.5443,18.5954,27.4375,66.7563,0.000255218,0.99618,-0.070294,-0.0518098,325.962,271.022,17.8588,36.7756,0.0524695
8,5,26557,-8.35748,10.1476,-8.2683,9.77095,-8.35232,9.43434,-10.5267,17.6585,18.6662,27.3707,66.8506,0.000255218,0.99618,-0.070294,-0.0518098,330.365,272.592,18.447,36.8654,0.0871773
9,0,26593,-10.6133,9.44781,-8.2683,9.77095,-8.35232,9.43434,-10.5267,17.6585,18.5783,27.4537,66.7334,0.000537891,0.99577,-0.0673275,-0.062517,330.365,272.592,18.447,36.8654,0.0871773
10,5,26625,-11.3744,6.7824,-10.53,7.62732,-10.5759,7.42945,-12.9671,15.4626,18.5484,27.5149,66.7417,0.000685102,0.996324,-0.0544266,-0.0661504,333.943,274.502,19.3702,36.9634,0.118605
11,5,26675,-11.3301,6.87151,-11.7616,5.79163,-11.7896,5.68625,-14.2988,13.5878,18.5777,27.4549,66.7336,0.000685102,0.996324,-0.0544266,-0.0661504,335.952,276.147,19.7268,37.3231,0.125669
12,8,26676,-12.1193,4.15732,-11.7616,5.79163,-11.7896,5.68625,-14.2988,13.5878,18.5297,27.5533,66.7469,0.000832189,0.996698,-0.0415158,-0.069772,335.952,276.147,19.7268,37.3231,0.125669
13,5,26742,-12.7454,3.22257,-13.179,3.48374,-13.1903,3.46241,-15.832,11.2317,18.5108,27.567,66.8008,0.000777447,0.996667,-0.0369015,-0.0727476,338.251,278.305,21.1056,37.3578,0.164022
14,5,26825,-13.4989,0.199379,-14.1594,-0.18087,-14.168,-0.129307,-16.9008,7.50067,18.5017,27.6393,66.7256,0.000774902,0.996822,-0.0222506,-0.0764897,340.002,281.705,22.0496,37.4135,0.170849
15,5,26825,-14.1702,-0.852207,-14.1594,-0.18087,-14.168,-0.129307,-16.9008,7.50067,18.4538,27.7297,66.7767,0.00072007,0.996682,-0.0176331,-0.0794573,340.002,281.705,22.0496,37.4135,0.170849
16,5,26891,-14.1522,-0.649202,-14.5681,-3.23058,-14.5823,-3.17269,-17.3523,4.39892,18.4727,27.5964,66.9067,0.00072007,0.996682,-0.0176331,-0.0794573,340.79,284.638,23.3438,37.4515,0.198024
17,8,26892,-14.9352,-3.92703,-14.5681,-3.23058,-14.5823,-3.17269,-17.3523,4.39892,18.4394,27.8307,66.6783,0.000717293,0.99653,-0.00297607,-0.0831756,340.79,284.638,23.3438,37.4515,0.198024
18,5,26958,-14.4913,-6.04292,-14.4849,-6.04716,-14.5092,-6.02071,-17.2741,1.53793,18.4423,27.8555,66.7467,0.00103326,0.996692,0.0074881,-0.0809199,340.79,287.429,24.4466,38.1776,0.209393
19,0,27008,-13.8833,-8.74243,-14.1279,-8.02272,-14.1604,-8.03622,-16.8981,-0.466404,18.4643,27.9307,66.7532,0.000374312,0.99674,0.0203934,-0.0780554,340.326,289.375,25.0792,38.0034,0.203136
20,0,27008,-13.415,-10.9723,-14.1279,-8.02272,-14.1604,-8.03622,-16.8981,-0.466404,18.4868,28.0262,66.8447,0.000690175,0.996647,0.030854,-0.0757794,340.326,289.375,25.0792,38.0034,0.203136
21,5,27092,-13.4654,-10.8186,-12.914,-11.8892,-12.9593,-12.0201,-15.6082,-4.38508,18.4544,27.9244,66.8737,0.000690175,0.996647,0.030854,-0.0757793,338.554,293.325,26.5404,38.4688,0.182594
22,5,27158,-11.8531,-13.1296,-11.3182,-14.468,-11.3652,-14.6902,-13.9026,-6.99256,18.5036,27.9965,66.8804,0.000760743,0.996802,0.0418819,-0.0680543,336.054,295.98,27.4777,38.685,0.172905
23,5,27158,-11.1718,-15.943,-11.3182,-14.468,-11.3652,-14.6902,-13.9026,-6.99256,18.5692,28.1302,66.8662,0.000101494,0.996371,0.0547724,-0.0651547,336.054,295.98,27.4777,38.685,0.172905
24,5,27208,-11.2388,-15.8679,-10.0253,-16.2604,-10.0675,-16.5536,-12.5196,-8.80338,18.5238,28.0798,66.8501,0.000101494,0.996371,0.0547724,-0.0651547,334.002,297.863,28.2563,38.6119,0.157532
25,0,27242,-9.56232,-18.2398,-10.0253,-16.2604,-10.0675,-16.5536,-12.5196,-8.80338,18.6137,28.1796,66.8819,0.000171853,0.996181,0.0657837,-0.0574071,334.002,297.863,28.2563,38.6119,0.157532
26,5,27275,-7.77364,-19.4827,-7.99484,-18.4474,-8.02064,-18.8253,-10.345,-11.0092,18.6563,28.2029,66.8869,0.00099229,0.996228,0.071828,-0.0486837,330.731,300.233,29.1502,38.9189,0.128296
27,5,27341,-6.02418,-19.5252,-5.61,-20.1039,-5.60746,-20.5238,-7.78725,-12.6733,18.6945,28.2317,66.8654,0.00065389,0.996598,0.0718936,-0.040293,326.853,302.034,29.9271,38.9591,0.0814107
28,5,27341,-4.17797,-20.8197,-5.61,-20.1039,-5.60746,-20.5238,-7.78725,-12.6733,18.7747,28.2808,66.8577,0.00147421,0.996458,0.0779247,-0.0315612,326.853,302.034,29.9271,38.9591,0.0814107
29,5,27408,-4.2932,-20.7366,-3.01639,-21.2513,-2.97541,-21.6672,-5.00303,-13.8185,18.6999,28.2271,66.8908,0.00147421,0.996458,0.0779247,-0.0315612,322.576,303.285,30.6025,38.8167,0.0520685
30,8,27410,-2.43407,-20.8621,-3.01639,-21.2513,-2.97541,-21.6672,-5.00303,-13.8185,18.8105,28.3065,66.8418,0.00113571,0.996685,0.0779796,-0.0231655,322.576,303.285,30.6025,38.8167,0.0520685
31,5,27492,0.145759,-22.6873,0.686508,-21.9583,0.789872,-22.2912,-1.02427,-14.5074,18.8801,28.3107,66.8692,-1.50331e-05,0.996163,0.0868217,-0.0110132,316.518,304.093,30.4576,38.4478,-0.0503357
32,0,27559,3.64245,-21.7256,3.2807,-21.9673,3.43012,-22.2027,1.76511,-14.496,18.9719,28.3087,66.8114,0.000187465,0.996601,0.0821756,0.00580872,312.247,304.213,30.5881,39.0337,-0.0937964
33,8,27556,2.776,-24.5278,3.2807,-21.9673,3.43012,-22.2027,1.76511,-14.496,18.9694,28.316,66.9042,-0.00116577,0.995414,0.095644,0.00114157,312.247,304.213,30.5881,39.0337,-0.0937964
34,5,27625,6.28139,-23.5659,6.21601,-21.7335,6.41959,-21.8414,4.92225,-14.2351,19.0597,28.3136,66.8416,-0.000963506,0.99569,0.0909864,0.0179625,307.425,304.115,30.0713,39.2236,-0.130177
35,5,27692,9.79788,-22.6219,8.74524,-21.0407,8.99105,-21.0093,7.64458,-13.5112,19.1527,28.3112,66.7772,-0.000760943,0.995662,0.086301,0.034778,303.336,303.453,29.8402,38.7631,-0.191908
36,8,27692,9.79788,-22.6219,8.74524,-21.0407,8.99105,-21.0093,7.64458,-13.5112,19.1527,28.3112,66.7772,-0.000760943,0.995662,0.086301,0.034778,303.336,303.453,29.8402,38.7631,-0.191908
37,5,27758,11.6981,-20.5624,11.2378,-19.5772,11.5119,-19.373,10.3306,-12.0045,19.1995,28.2859,66.7893,0.000378782,0.996099,0.0763627,0.0442171,299.341,301.995,29.1576,38.7849,-0.235
38,0,27792,13.6711,-18.4859,11.2378,-19.5772,11.5119,-19.373,10.3306,-12.0045,19.2902,28.2367,66.8128,0.00151844,0.996348,0.06641,0.0536479,299.341,301.995,29.1576,38.7849,-0.235
39,5,27842,15.403,-17.3489,14.0675,-17.2886,14.358,-16.888,13.3824,-9.65683,19.3315,28.2001,66.7495,0.000923037,0.996217,0.0610156,0.0618633,294.89,299.731,28.4019,38.7676,-0.283456
40,5,27908,16.2051,-14.3987,16.0869,-15.195,16.375,-14.6679,15.562,-7.51367,19.3541,28.1492,66.8083,0.00116497,0.996721,0.0468163,0.0659915,291.763,297.708,27.2959,38.683,-0.294809
41,5,27908,17.9941,-13.1711,16.0869,-15.195,16.375,-14.6679,15.562,-7.51367,19.4312,28.05,66.7835,0.000569274,0.996383,0.0414109,0.0741944,291.763,297.708,27.2959,38.683,-0.294809
42,5,27992,18.7949,-10.2872,18.0644,-12.0573,18.319,-11.4267,17.7009,-4.3101,19.4423,28.0284,66.8021,0.000810876,0.996558,0.0271975,0.0782998,288.815,294.636,25.9764,38.2239,-0.312492
43,8,27992,18.7949,-10.2872,18.0644,-12.0573,18.319,-11.4267,17.7009,-4.3101,19.4423,28.0284,66.8021,0.000810876,0.996558,0.0271975,0.0782998,288.815,294.636,25.9764,38.2239,-0.312492
44,5,28059,19.4355,-8.96486,18.8302,-9.27124,19.03,-8.62284,18.5354,-1.47336,19.451,27.9913,66.7904,1.68011e-05,0.996464,0.0209338,0.0813769,287.782,291.874,25.0318,38.3531,-0.319043
45,4,28094,20.0896,-7.59167,19.271,-7.08455,19.4227,-6.45538,19.018,0.751815,19.4677,27.9201,66.7682,-0.000777275,0.996319,0.0146691,0.08445,287.229,289.735,24.2275,38.0802,-0.315879
46,5,28142,20.0069,-4.79398,19.6045,-5.43876,19.7191,-4.84107,19.3833,2.42659,19.4715,27.8504,66.7523,-0.000509729,0.996449,0.00118691,0.0841833,286.826,288.176,23.641,37.8813,-0.313571
47,0,28193,19.9364,-2.00915,19.6045,-5.43876,19.7191,-4.84107,19.3833,2.42659,19.475,27.7847,66.7373,-0.00024209,0.996398,-0.0122955,0.0839013,286.826,288.176,23.641,37.8813,-0.313571
48,5,28241,19.3207,0.353905,19.4014,-1.12388,19.4014,-0.690307,19.182,6.8089,19.4576,27.6846,66.8036,-4.90724e-05,0.996433,-0.0233988,0.0810814,287.409,284.027,21.7755,37.5606,-0.286283
49,5,28309,19.3514,0.203897,18.6596,1.80654,18.5776,2.0726,18.3961,9.78031,19.4748,27.7833,66.7383,-4.90724e-05,0.996433,-0.0233988,0.0810814,288.73,281.221,20.6239,37.3991,-0.266278
50,8,28310,18.7241,2.66833,18.6596,1.80654,18.5776,2.0726,18.3961,9.78031,19.4455,27.615,66.8496,0.000143952,0.996337,-0.034499,0.0782508,288.73,281.221,20.6239,37.3991,-0.266278
51,0,28392,16.7446,6.18185,17.3058,5.02899,17.1356,5.06502,16.9532,13.0436,19.3746,27.5207,66.8,-0.000424835,0.996295,-0.0514084,0.0689397,291,278.165,19.6358,37.0876,-0.246486
52,5,28458,16.8176,6.08238,15.3218,7.74958,15.0828,7.55799,14.8307,15.792,19.4254,27.5883,66.8356,-0.000424835,0.996295,-0.0514084,0.0689397,294.162,275.561,19.0109,37.0756,-0.217142
53,5,28535,14.9023,6.46037,13.2275,10.5541,12.9305,10.1009,12.5899,18.6247,19.3868,27.5591,66.82,0.000264994,0.996793,-0.053209,0.0597764,297.521,273.041,18.7914,36.9575,-0.21252
54,5,28535,12.8551,10.0538,13.2275,10.5541,12.9305,10.1009,12.5899,18.6247,19.2504,27.4085,66.7404,-0.000303819,0.996265,-0.0700935,0.0504341,297.521,273.041,18.7914,36.9575,-0.21252
55,5,28626,10.4349,11.1222,9.75729,12.8201,9.43445,12.1451,8.86761,20.8995,19.2236,27.3956,66.7579,-0.00107947,0.996408,-0.0753771,0.0385666,302.835,270.843,18.0898,36.6642,-0.156891
56,5,28626,8.41506,11.5476,9.75729,12.8201,9.43445,12.1451,8.86761,20.8995,19.0962,27.3363,66.7561,-0.000389581,0.996586,-0.0771568,0.0293885,302.835,270.843,18.0898,36.6642,-0.156891
57,5,28692,8.54911,11.4844,7.08379,13.5831,6.77059,12.8409,5.99594,21.6534,19.1854,27.3783,66.7352,-0.000389581,0.996586,-0.0771568,0.0293885,306.873,269.981,17.7454,36.8202,-0.111702
58,0,28709,6.01523,12.6135,7.08379,13.5831,6.77059,12.8409,5.99594,21.6534,19.0732,27.3255,66.7615,-0.00116495,0.996443,-0.0824183,0.0175112,306.873,269.981,17.7454,36.8202,-0.111702
59,5,28758,4.60239,13.4798,4.34894,13.7588,4.06179,13.0151,3.05597,21.8103,19.0287,27.3004,66.8058,0.000127104,0.996188,-0.0865802,0.0106816,310.998,269.582,17.2079,36.4562,-0.0696196
60,5,28808,1.68931,12.5705,2.42929,14.089,2.16164,13.3226,0.993172,22.1305,18.9561,27.319,66.7803,-0.000771722,0.996608,-0.0822227,-0.00337451,313.93,269.248,17.2111,36.5737,-0.0576158
61,5,28808,0.174596,13.4317,2.42929,14.089,2.16164,13.3226,0.993172,22.1305,18.8415,27.3039,66.8132,0.00052055,0.99621,-0.0863733,-0.0102048,313.93,269.248,17.2111,36.5737,-0.0576158
62,5,28875,0.317109,13.4803,-0.641957,13.3485,-0.860619,12.6779,-2.31216,21.3538,18.9397,27.2724,66.8581,0.00052055,0.99621,-0.0863733,-0.0102048,318.577,269.664,17.1332,36.7905,0.000422174
63,0,28892,-2.65843,12.5441,-0.641957,13.3485,-0.860619,12.6779,-2.31216,21.3538,18.818,27.3114,66.8024,-0.00037816,0.996338,-0.0819913,-0.0242587,318.577,269.664,17.1332,36.7905,0.000422174
64,0,28924,-4.54317,11.8736,-2.54075,12.9607,-2.72842,12.3385,-4.35539,20.9447,18.7483,27.3507,66.7458,-0.000775666,0.996326,-0.0789277,-0.0332406,321.474,269.95,17.3783,36.8289,0.0294539
65,5,28975,-6.39059,11.226,-4.67555,11.9975,-4.82455,11.4735,-6.65469,19.9492,18.7046,27.3753,66.7102,-0.0011731,0.996224,-0.0758569,-0.0422194,324.776,270.703,17.7331,36.8816,0.0404705
66,5,29041,-5.78422,11.0458,-7.0949,10.4277,-7.1994,10.0403,-9.26236,18.335,18.7654,27.3352,66.8099,0.000367243,0.996425,-0.074607,-0.0396279,328.522,271.997,18.1221,36.9652,0.0847393
67,5,29041,-7.71694,10.3586,-7.0949,10.4277,-7.1994,10.0403,-9.26236,18.335,18.6642,27.3882,66.7632,-3.0283e-05,0.996253,-0.0715311,-0.0486039,328.522,271.997,18.1221,36.9652,0.0847393
68,5,29091,-7.65383,10.3754,-9.00337,9.09286,-9.07449,8.80405,-11.3198,16.9637,18.7038,27.3755,66.7113,-3.0283e-05,0.996253,-0.0715311,-0.0486039,331.52,273.185,18.7253,37.0032,0.10081
69,8,29092,-9.06465,9.49032,-9.00337,9.09286,-9.07449,8.80405,-11.3198,16.9637,18.6118,27.4049,66.8318,0.00111254,0.996223,-0.067201,-0.0549855,331.52,273.185,18.7253,37.0032,0.10081
70,5,29175,-11.0369,7.28893,-11.406,6.71169,-11.4385,6.5623,-13.9127,14.5254,18.594,27.4356,66.7897,-7.04574e-06,0.996304,-0.0564169,-0.0647716,335.333,275.358,20.0043,37.1039,0.135784
71,5,29225,-11.2356,5.9515,-12.2938,4.60437,-12.3155,4.54765,-14.8757,12.3773,18.5735,27.4564,66.8579,0.000678647,0.996601,-0.049813,-0.0656124,336.82,277.218,20.7532,37.2881,0.150761
72,5,29225,-13.308,3.59328,-12.2938,4.60437,-12.3155,4.54765,-14.8757,12.3773,18.4857,27.5904,66.7907,-0.000441087,0.996391,-0.0390134,-0.0753796,336.82,277.218,20.7532,37.2881,0.150761
73,5,29275,-13.5051,2.28769,-13.3588,2.46314,-13.37,2.47074,-16.0294,10.1933,18.4715,27.5935,66.9271,0.000244474,0.996565,-0.0324044,-0.076212,338.598,279.219,21.0202,37.678,0.161094
74,8,29275,-13.5051,2.28769,-13.3588,2.46314,-13.37,2.47074,-16.0294,10.1933,18.4715,27.5935,66.9271,0.000244474,0.996565,-0.0324044,-0.076212,338.598,279.219,21.0202,37.678,0.161094
75,5,29358,-13.8659,-0.0988858,-14.3163,-1.08888,-14.326,-1.03047,-17.0731,6.57689,18.462,27.6402,66.9119,0.000410181,0.99674,-0.0207502,-0.0779601,340.286,282.576,22.4545,37.5935,0.183655
76,0,29392,-14.248,-2.58783,-14.3163,-1.08888,-14.326,-1.03047,-17.0731,6.57689,18.4388,27.7542,66.8748,0.00057583,0.996777,-0.00909306,-0.0796974,340.286,282.576,22.4545,37.5935,0.183655
77,5,29424,-14.0174,-4.73669,-14.7138,-4.08944,-14.7297,-4.03947,-17.5125,3.52516,18.4505,27.8203,66.8884,0.00157336,0.996907,0.00128139,-0.0785608,341.073,285.514,23.6585,37.8174,0.191684
78,0,29495,-14.053,-6.65513,-14.4011,-6.55772,-14.4276,-6.54001,-17.1861,1.01987,18.4465,27.8503,66.9011,-0.000274365,0.996836,0.0105285,-0.0787883,340.69,287.931,24.6603,38.1741,0.203327
79,0,29495,-13.8302,-8.86184,-14.4011,-6.55772,-14.4276,-6.54001,-17.1861,1.01987,18.4566,27.9506,66.9271,0.000723162,0.996762,0.0209018,-0.0776357,340.69,287.931,24.6603,38.1741,0.203327
80,5,29541,-13.8275,-8.78696,-13.8015,-9.16217,-13.8386,-9.20435,-16.5517,-1.6215,18.4573,27.9002,66.9099,0.000723162,0.996762,0.0209018,-0.0776357,339.876,290.502,25.3721,37.8108,0.187261
81,0,29608,-12.9897,-11.5961,-12.9302,-11.7603,-12.9752,-11.8857,-15.6251,-4.25424,18.4915,27.9707,66.855,0.00105642,0.99669,0.0344202,-0.0736446,338.574,293.184,26.6227,38.4261,0.184702
82,0,29608,-12.9604,-13.6771,-12.9302,-11.7603,-12.9752,-11.8857,-15.6251,-4.25424,18.5204,28.0961,66.829,-0.000791522,0.996313,0.0436605,-0.0738489,338.574,293.184,26.6227,38.4261,0.184702
83,5,29692,-12.1347,-16.4745,-10.8666,-15.0995,-10.9125,-15.3457,-13.4195,-7.63057,18.5448,28.1432,66.7888,-0.000458432,0.995919,0.0571663,-0.0698343,335.347,296.634,27.8184,38.6137,0.162421
84,5,29758,-10.5707,-15.5566,-8.92757,-17.3414,-8.96236,-17.672,-11.3435,-9.89289,18.502,28.0236,66.9358,-4.65292e-05,0.996651,0.0537093,-0.0616563,332.234,299.013,28.9059,38.8266,0.143765
85,5,29758,-9.63431,-18.5176,-8.92757,-17.3414,-8.96236,-17.672,-11.3435,-9.89289,18.5972,28.1705,66.8548,0.000286537,0.996073,0.0672059,-0.057631,332.234,299.013,28.9059,38.8266,0.143765
86,5,29808,-9.70662,-18.4799,-7.30035,-18.9139,-7.31904,-19.3026,-9.60008,-11.4777,18.5458,28.1437,66.7901,0.000286537,0.996073,0.0672059,-0.057631,329.613,300.725,29.1383,38.808,0.10871
87,8,29809,-7.11319,-20.588,-7.30035,-18.9139,-7.31904,-19.3026,-9.60008,-11.4777,18.665,28.2058,66.9401,0.00103143,0.995978,0.0772286,-0.0454133,329.613,300.725,29.1383,38.808,0.10871
88,5,29892,-6.31821,-20.5109,-4.22114,-20.7032,-4.1993,-21.12,-6.29626,-13.2712,18.6659,28.2072,66.9376,-3.1327e-05,0.996175,0.0768452,-0.0416063,324.581,302.686,29.7587,38.8614,0.0525636
89,8,29893,-5.39383,-20.6108,-4.22114,-20.7032,-4.1993,-21.12,-6.29626,-13.2712,18.7417,28.3205,66.727,-0.00109409,0.996355,0.0764605,-0.0377987,324.581,302.686,29.7587,38.8614,0.0525636
90,5,29975,-1.86073,-22.331,-0.856858,-21.7233,-0.780666,-22.096,-2.68285,-14.2809,18.8142,28.3239,66.7592,-0.000196507,0.996173,0.084941,-0.0205906,319.068,303.854,30.2771,39.0494,-0.0265064
91,5,30058,0.106611,-21.1217,1.77709,-22.0441,1.90014,-22.3423,0.148041,-14.586,18.8358,28.3218,66.7403,-0.00129075,0.996802,0.0791345,-0.0110397,314.683,304.281,30.1584,39.1332,-0.0366832
92,5,30058,3.82131,-22.8708,1.77709,-22.0441,1.90014,-22.3423,0.148041,-14.586,19.0176,28.3265,66.7844,-0.000392695,0.996139,0.0875763,0.00617656,314.683,304.281,30.1584,39.1332,-0.0366832
93,5,30125,3.69673,-22.8741,5.57033,-21.7556,5.76118,-21.8893,4.2279,-14.2627,18.9367,28.3294,66.8108,-0.000392695,0.996139,0.0875763,0.00617656,308.496,304.079,30.1936,39.0255,-0.133775
94,8,30128,5.81289,-21.6651,5.57033,-21.7556,5.76118,-21.8893,4.2279,-14.2627,19.0574,28.3251,66.7715,-0.00148649,0.996528,0.0817512,0.0157273,308.496,304.079,30.1936,39.0255,-0.133775
95,5,30208,7.66971,-20.9605,8.814,-20.9284,9.05941,-20.8874,7.71897,-13.3965,19.1011,28.2919,66.8564,-0.00153273,0.996602,0.0785507,0.0247295,303.238,303.332,29.7758,38.8689,-0.202162
96,5,30274,10.1367,-19.4499,11.4249,-19.3895,11.6996,-19.1691,10.5325,-11.8123,19.1248,28.3035,66.737,0.000145178,0.996791,0.0709151,0.0371336,299.048,301.817,28.8423,39.0237,-0.238092
97,5,30274,12.1603,-18.7023,11.4249,-19.3895,11.6996,-19.1691,10.5325,-11.8123,19.2721,28.2319,66.7987,9.89683e-05,0.996639,0.0676978,0.0461288,299.048,301.817,28.8423,39.0237,-0.238092
98,5,30325,12.0374,-18.665,13.2731,-18.3556,13.5683,-18.024,12.5239,-10.7472,19.2051,28.2143,67.0513,9.89683e-05,0.996639,0.0676977,0.0461288,296.106,300.865,28.4659,39.0058,-0.253075
99,8,30326,14.6778,-17.2199,13.2731,-18.3556,13.5683,-18.024,12.5239,-10.7472,19.3141,28.243,66.6402,0.00177676,0.996478,0.060038,0.0585183,296.106,300.865,28.4659,39.0058,-0.253075
100,5,30391,15.8814,-16.7686,15.1514,-16.2755,15.4436,-15.8064,14.5519,-8.61885,19.3306,28.2212,66.6538,0.00106659,0.996249,0.057946,0.0642593,293.197,298.772,27.5139,38.8988,-0.284222
101,5,30458,16.7238,-13.9804,16.9396,-13.8552,17.2145,-13.2759,16.4842,-6.14565,19.3501,28.1847,66.6842,0.00137166,0.996656,0.0444058,0.0685763,290.487,296.374,26.7875,38.5104,-0.308139
102,5,30458,17.994,-13.4209,16.9396,-13.8552,17.2145,-13.2759,16.4842,-6.14565,19.4118,28.093,66.7488,0.000661304,0.996337,0.0423093,0.0743118,290.487,296.374,26.7875,38.5104,-0.308139
103,5,30543,18.2265,-11.6727,18.5966,-10.5147,18.8233,-9.86645,18.2792,-2.73856,19.3993,28.0952,66.7266,-0.000123342,0.996567,0.0336852,0.0756256,288.101,293.113,25.489,38.3774,-0.338298
104,5,30543,19.1358,-8.76161,18.5966,-10.5147,18.8233,-9.86645,18.2792,-2.73856,19.4565,27.9637,66.8129,0.000181552,0.996598,0.0201304,0.0799153,288.101,293.113,25.489,38.3774,-0.338298
105,5,30591,19.1177,-8.86531,19.2436,-8.4583,19.4301,-7.80905,18.9831,-0.644128,19.4436,28.0324,66.7982,0.000181552,0.996598,0.0201304,0.0799153,287.192,291.115,24.8761,37.9692,-0.318438
106,8,30592,19.4038,-6.94598,19.2436,-8.4583,19.4301,-7.80905,18.9831,-0.644128,19.4657,27.915,66.8234,-0.000603002,0.99663,0.011501,0.0812138,287.192,291.115,24.8761,37.9692,-0.318438
107,5,30658,19.633,-5.3381,19.5997,-5.54685,19.717,-4.94636,19.3777,2.31673,19.467,27.8803,66.8219,-0.00142158,0.996595,0.00379583,0.0823528,286.819,288.283,23.4437,37.9548,-0.308555
108,0,30683,19.866,-3.64616,19.5997,-5.54685,19.717,-4.94636,19.3777,2.31673,19.4703,27.7888,66.8181,-0.00224007,0.996499,-0.0039096,0.0834867,286.819,288.283,23.4437,37.9548,-0.308555
109,0,30724,18.8177,-2.39697,19.7078,-2.47297,19.7466,-1.97538,19.5061,5.44065,19.455,27.73,66.9096,-0.00349329,0.99686,-0.00959542,0.0785246,286.858,285.361,22.3424,37.7764,-0.293556
110,5,30825,18.8882,1.53631,18.6161,1.93099,18.5305,2.18902,18.3497,9.90642,19.4582,27.7253,66.8341,-0.00103126,0.99644,-0.0295392,0.0789488,288.812,281.096,20.5797,37.2929,-0.272897
111,5,30825,17.828,2.85967,18.6161,1.93099,18.5305,2.18902,18.3497,9.90642,19.4319,27.6124,66.9533,-0.00228449,0.996635,-0.0352219,0.0739725,288.812,281.096,20.5797,37.2929,-0.272897
112,5,30875,17.9279,6.89604,17.7354,4.04563,17.5913,4.15644,17.4112,12.0479,19.4239,27.5451,66.8794,0.000178245,0.995706,-0.0551488,0.0743572,290.292,279.087,20.3154,37.1002,-0.259506
113,8,30875,17.9279,6.89604,17.7354,4.04563,17.5913,4.15644,17.4112,12.0479,19.4239,27.5451,66.8794,0.000178245,0.995706,-0.0551488,0.0743572,290.292,279.087,20.3154,37.1002,-0.259506
114,5,30941,16.6383,8.47357,16.4646,6.48181,16.2568,6.3998,16.0544,14.513,19.3828,27.4852,66.8932,-0.000233243,0.995702,-0.0625901,0.0682625,292.359,276.807,19.2964,37.1343,-0.226991
115,5,30991,16.699,8.38545,15.0361,8.22511,14.7865,7.99107,14.5254,16.2728,19.4231,27.544,66.8797,-0.000233243,0.995702,-0.0625901,0.0682625,294.619,275.125,18.8835,36.7989,-0.209864
116,8,30992,15.335,10.0771,15.0361,8.22511,14.7865,7.99107,14.5254,16.2728,19.3297,27.4077,66.911,-0.000644709,0.995606,-0.0700255,0.0621615,294.619,275.125,18.8835,36.7989,-0.209864
117,5,31058,13.1299,10.7132,12.5816,10.8631,12.2804,10.3808,11.8967,18.9335,19.3064,27.3921,66.9251,-0.00114749,0.995993,-0.0731541,0.0514288,298.494,272.694,18.6373,36.8806,-0.196071
118,0,31076,10.8395,11.4111,12.5816,10.8631,12.2804,10.3808,11.8967,18.9335,19.2207,27.3348,66.9765,-0.00165013,0.996255,-0.0762736,0.0406896,298.494,272.694,18.6373,36.8806,-0.196071
119,5,31125,9.55914,11.6476,10.3396,12.4393,10.0196,11.8023,9.4922,20.5172,19.1811,27.3364,66.8893,-0.00112176,0.996389,-0.0775596,0.0345402,301.942,271.191,17.9866,36.7612,-0.165873
120,5,31176,7.92249,12.313,8.46157,13.1329,8.14328,12.4314,7.47561,21.2069,19.1268,27.3003,66.9716,-0.000160242,0.996382,-0.0806801,0.026732,304.787,270.448,17.6804,36.8777,-0.135122
121,5,31176,6.56334,12.6,8.46157,13.1329,8.14328,12.4314,7.47561,21.2069,19.032,27.2726,66.9286,0.00036818,0.996423,-0.0819588,0.0205797,304.787,270.448,17.6804,36.8777,-0.135122
122,5,31258,4.98796,13.24,4.98957,13.8151,4.69453,13.0611,3.74505,21.8725,19.0122,27.2581,66.9656,0.00132968,0.996292,-0.0850692,0.0127685,310.034,269.607,17.4817,36.5777,-0.0793079
123,8,31258,4.98796,13.24,4.98957,13.8151,4.69453,13.0611,3.74505,21.8725,19.0122,27.2581,66.9656,0.00132968,0.996292,-0.0850692,0.0127685,310.034,269.607,17.4817,36.5777,-0.0793079
124,5,31325,2.10622,14.6989,2.10977,13.7575,1.8498,13.0283,0.648283,21.7912,18.9285,27.2537,66.8926,0.000572058,0.995733,-0.0922677,-0.00114832,314.392,269.448,17.01,36.6049,-0.0376228
125,8,31325,2.10622,14.6989,2.10977,13.7575,1.8498,13.0283,0.648283,21.7912,18.9285,27.2537,66.8926,0.000572058,0.995733,-0.0922677,-0.00114832,314.392,269.448,17.01,36.6049,-0.0376228
126,5,31408,-0.586654,13.7853,-1.50492,13.4791,-1.71193,12.8006,-3.23954,21.4796,18.9269,27.2544,66.8915,-0.00036069,0.996036,-0.0877384,-0.0146172,319.909,269.579,17.5845,36.425,-0.00373955
127,8,31409,-3.45221,12.7812,-1.50492,13.4791,-1.71193,12.8006,-3.23954,21.4796,18.7992,27.3142,66.8043,-0.00129337,0.996137,-0.0831912,-0.0280832,319.909,269.579,17.5845,36.425,-0.00373955
128,5,31491,-5.21284,11.9278,-4.74137,12.0537,-4.88958,11.525,-6.72523,20.0057,18.798,27.3148,66.8038,-0.00168911,0.996195,-0.0789277,-0.0369301,324.876,270.663,17.7945,36.6797,0.0412576
129,8,31492,-7.10981,10.9998,-4.74137,12.0537,-4.88958,11.525,-6.72523,20.0057,18.702,27.3646,66.7628,-0.0020847,0.996156,-0.0746567,-0.0457735,324.876,270.663,17.7945,36.6797,0.0412576
130,5,31558,-7.99551,10.178,-7.26917,10.4,-7.37078,10.0151,-9.44985,18.3055,18.6817,27.3785,66.7495,-0.00108295,0.996244,-0.0705977,-0.0501185,328.795,272.042,18.412,36.9886,0.0823603
131,0,31578,-8.94992,9.31022,-7.26917,10.4,-7.37078,10.0151,-9.44985,18.3055,18.6146,27.4243,66.7054,-8.11706e-05,0.996297,-0.0665363,-0.0544617,328.795,272.042,18.412,36.9886,0.0823603
132,5,31641,-10.5237,7.90718,-10.1039,8.03772,-10.1566,7.81608,-12.5074,15.8829,18.6013,27.4419,66.7088,-0.00098324,0.996275,-0.0596477,-0.0622671,333.274,274.123,18.9213,37.0629,0.105811
133,0,31659,-12.1466,6.43621,-10.1039,8.03772,-10.1566,7.81608,-12.5074,15.8829,18.5551,27.5032,66.7206,-0.0018852,0.996145,-0.0527526,-0.0700657,333.274,274.123,18.9213,37.0629,0.105811
134,5,31708,-11.9974,6.22149,-11.7413,5.63706,-11.7698,5.53883,-14.2775,13.4309,18.5315,27.5057,66.8367,0.000261226,0.996277,-0.0515365,-0.0691095,335.915,276.271,19.7762,37.3704,0.137778
135,0,31742,-11.8685,6.0067,-11.7413,5.63706,-11.7698,5.53883,-14.2775,13.4309,18.4976,27.5092,67.004,0.00240765,0.996402,-0.05032,-0.0681529,335.915,276.271,19.7762,37.3704,0.137778
136,5,31775,-12.704,3.30967,-13.279,3.20205,-13.2895,3.18898,-15.9406,10.9447,18.4829,27.5736,66.9081,0.00192046,0.996686,-0.0372896,-0.0722747,338.427,278.557,20.9404,37.3554,0.162839
137,5,31825,-13.3815,1.52404,-13.9073,1.01633,-13.9153,1.05217,-16.6249,8.71903,18.467,27.6563,66.8639,0.00116544,0.996718,-0.0289829,-0.075575,339.521,280.573,21.6166,37.3351,0.182055
138,5,31825,-14.2299,-1.26795,-13.9073,1.01633,-13.9153,1.05217,-16.6249,8.71903,18.4407,27.7814,66.7365,0.000677797,0.996693,-0.0159423,-0.0796739,339.521,280.573,21.6166,37.3351,0.182055
139,5,31908,-14.8904,-2.96946,-14.5431,-2.77997,-14.5561,-2.72026,-17.3237,4.85694,18.4364,27.8033,66.7238,-7.73675e-05,0.996524,-0.00763092,-0.0829584,340.734,284.216,23.3272,37.6815,0.188377
140,8,31908,-14.8904,-2.96946,-14.5431,-2.77997,-14.5561,-2.72026,-17.3237,4.85694,18.4364,27.8033,66.7238,-7.73675e-05,0.996524,-0.00763092,-0.0829584,340.734,284.216,23.3272,37.6815,0.188377
141,5,31975,-14.3604,-4.35538,-14.4889,-5.64726,-14.5119,-5.61377,-17.2768,1.9442,18.4402,27.8168,66.7618,0.000730214,0.996771,-0.000699238,-0.0802898,340.796,287.02,24.2609,37.963,0.194576
142,4,31995,-13.8272,-5.78601,-14.096,-7.58278,-14.1274,-7.58366,-16.8621,-0.019168,18.4529,27.8619,66.8894,0.00153775,0.996963,0.00623248,-0.0776166,340.264,288.924,25.0662,38.1103,0.195093
143,5,32041,-13.1976,-9.87059,-13.9283,-8.40646,-13.9629,-8.42716,-16.685,-0.8547,18.4799,27.9814,66.8646,0.00105999,0.996878,0.0257436,-0.0746382,340.033,289.752,25.4164,38.1744,0.195318
144,5,32125,-13.239,-9.69303,-12.818,-12.1275,-12.8638,-12.2672,-15.506,-4.62643,18.4533,27.8633,66.8891,0.00105999,0.996878,0.0257436,-0.0746382,338.398,293.562,26.582,38.3468,0.190606
145,8,32126,-12.5845,-13.8959,-12.818,-12.1275,-12.8638,-12.2672,-15.506,-4.62643,18.4945,28.046,66.8512,0.000581819,0.996404,0.0452447,-0.0716307,338.398,293.562,26.582,38.3468,0.190606
146,5,32174,-12.4116,-15.1597,-11.7234,-14.2625,-11.7712,-14.4843,-14.3375,-6.78697,18.5155,28.0888,66.817,1.33328e-05,0.996168,0.0511262,-0.0709633,336.702,295.786,27.2227,38.4571,0.179568
147,5,32241,-9.77514,-17.1328,-9.98827,-16.4199,-10.0301,-16.7222,-12.4804,-8.9651,18.5567,28.104,66.8886,0.000766323,0.996455,0.0609479,-0.0579889,333.933,298.052,28.2539,38.777,0.165767
148,5,32241,-9.53075,-18.4592,-9.98827,-16.4199,-10.0301,-16.7222,-12.4804,-8.9651,18.6241,28.1846,66.8937,0.000197698,0.996117,0.0668242,-0.0573154,333.933,298.052,28.2539,38.777,0.165767
149,5,32308,-9.63981,-18.4089,-7.84366,-18.7777,-7.86739,-19.1746,-10.1837,-11.3436,18.5453,28.148,66.7721,0.000197698,0.996117,0.0668242,-0.0573154,330.461,300.606,28.9415,38.8408,0.147779
150,8,32309,-6.89742,-20.4556,-7.84366,-18.7777,-7.86739,-19.1746,-10.1837,-11.3436,18.6618,28.2021,66.9518,0.000950497,0.996074,0.0766247,-0.0443221,330.461,300.606,28.9415,38.8408,0.147779
151,5,32375,-6.53295,-19.8635,-5.28538,-20.0348,-5.2796,-20.4379,-7.43794,-12.6005,18.6626,28.2029,66.9504,0.000299087,0.996367,0.0737335,-0.0426055,326.338,301.928,29.8468,38.8498,0.0613239
152,8,32376,-6.08339,-19.3578,-5.28538,-20.0348,-5.2796,-20.4379,-7.43794,-12.6005,18.7157,28.2577,66.8527,-0.000352327,0.996649,0.0708415,-0.0408884,326.338,301.928,29.8468,38.8498,0.0613239
153,5,32441,-4.13333,-20.2363,-2.89344,-21.3645,-2.85,-21.7848,-4.87127,-13.9325,18.7399,28.2707,66.845,-1.5205e-05,0.996683,0.0751255,-0.0312841,322.393,303.413,30.3817,38.6466,0.0352627
154,0,32462,-2.10357,-21.1636,-2.89344,-21.3645,-2.85,-21.7848,-4.87127,-13.9325,18.8149,28.3109,66.8213,0.000321918,0.996607,0.0794012,-0.0216762,322.393,303.413,30.3817,38.6466,0.0352627
155,5,32491,-0.0552752,-22.0724,-0.709455,-21.6742,-0.631389,-22.0376,-2.52416,-14.2299,18.8877,28.3182,66.8595,-3.71727e-05,0.99641,0.0837927,-0.0120537,318.799,303.796,30.2907,39.0802,-0.00866441
156,5,32583,1.78772,-21.4158,3.14293,-22.1534,3.29203,-22.4079,1.61623,-14.6861,18.8945,28.3151,66.8058,-0.0005745,0.996739,0.0806423,-0.00296314,312.457,304.466,30.4406,39.359,-0.075916
157,5,32583,3.90472,-22.3327,3.14293,-22.1534,3.29203,-22.4079,1.61623,-14.6861,19.005,28.3232,66.8179,-0.00093353,0.996357,0.0850189,0.00666089,312.457,304.466,30.4406,39.359,-0.075916
158,5,32641,3.78684,-22.3291,5.54847,-21.7894,5.73936,-21.9263,4.20426,-14.2972,18.9304,28.3224,66.8801,-0.00093353,0.996357,0.0850189,0.00666089,308.523,304.125,29.9304,39.0112,-0.126133
159,8,32642,5.81786,-21.6846,5.54847,-21.7894,5.73936,-21.9263,4.20426,-14.2972,19.0577,28.3238,66.774,-0.00147071,0.996519,0.081855,0.015751,308.523,304.125,29.9304,39.0112,-0.126133
160,5,32708,8.35129,-20.907,8.37554,-20.9384,8.61175,-20.9141,7.24747,-13.4102,19.1081,28.3004,66.8206,-0.000416471,0.996542,0.0781546,0.0282107,303.951,303.302,29.9339,38.9119,-0.197138
161,0,32742,10.9608,-20.1075,8.37554,-20.9384,8.61175,-20.9141,7.24747,-13.4102,19.2058,28.2548,66.9111,0.000637844,0.996396,0.0744409,0.0406656,303.951,303.302,29.9339,38.9119,-0.197138
162,5,32758,12.4646,-19.1701,10.2219,-20.2429,10.4859,-20.1106,9.23553,-12.6889,19.2791,28.2626,66.7283,0.00128442,0.996432,0.069647,0.0476534,300.959,302.677,29.504,39.0077,-0.212429
163,5,32825,13.8755,-18.2227,12.7178,-18.8229,13.01,-18.5309,11.9249,-11.2264,19.2966,28.2645,66.6846,0.00193091,0.996396,0.0648482,0.0546378,296.974,301.301,28.8096,38.6266,-0.245048
164,8,32825,13.8755,-18.2227,12.7178,-18.8229,13.01,-18.5309,11.9249,-11.2264,19.2966,28.2645,66.6846,0.00193091,0.996396,0.0648482,0.0546378,296.974,301.301,28.8096,38.6266,-0.245048
165,5,32891,15.1951,-17.6744,14.8501,-16.7392,15.1459,-16.2945,14.226,-9.09242,19.3085,28.246,66.6839,0.000448015,0.996197,0.0623059,0.0608969,293.656,299.227,27.8589,38.6074,-0.281522
166,5,32925,15.6742,-15.4538,15.7229,-15.4301,16.0085,-14.9195,15.1697,-7.75538,19.3482,28.1771,66.7507,0.00048132,0.996649,0.0518936,0.0632284,292.33,297.892,27.8194,38.5526,-0.298656
167,5,32925,17.0634,-14.7702,15.7229,-15.4301,16.0085,-14.9195,15.1697,-7.75538,19.411,28.0724,66.8153,-0.0010017,0.996361,0.0493463,0.0694823,292.33,297.892,27.8194,38.5526,-0.298656
168,5,33012,17.594,-12.6452,17.8309,-12.428,18.0899,-11.8063,17.4483,-4.68859,19.4008,28.054,66.7955,-0.00135835,0.996617,0.038976,0.0723401,289.153,295.005,26.0209,38.5247,-0.303673
169,5,33012,18.0924,-10.3583,17.8309,-12.428,18.0899,-11.8063,17.4483,-4.68859,19.4529,27.929,66.924,-0.00132485,0.9968,0.0285516,0.0746532,289.153,295.005,26.0209,38.5247,-0.303673
170,5,33075,18.0658,-10.4977,18.8582,-9.73207,19.0702,-9.08029,18.5637,-1.94134,19.4314,28.0204,66.8659,-0.00132485,0.9968,0.0285516,0.0746532,287.721,292.348,25.2061,38.1971,-0.325346
171,0,33093,18.6543,-8.22963,18.8582,-9.73207,19.0702,-9.08029,18.5637,-1.94134,19.4597,27.9,66.9424,-0.00168117,0.996826,0.0181736,0.077494,287.721,292.348,25.2061,38.1971,-0.325346
172,5,33158,18.7354,-6.55493,19.5214,-6.18207,19.6539,-5.56719,19.2909,1.67073,19.4597,27.874,66.9573,-0.0022255,0.996902,0.0100511,0.0779729,286.899,288.901,23.6421,38.192,-0.309025
173,5,33225,18.1891,-4.75738,19.7472,-3.16825,19.8046,-2.64237,19.5457,4.73456,19.4536,27.8353,66.9617,-0.00325014,0.997147,0.00144138,0.0753971,286.765,286.017,22.5193,37.7377,-0.309892
174,5,33225,18.2619,-2.95412,19.7472,-3.16825,19.8046,-2.64237,19.5457,4.73456,19.4487,27.7198,67.0133,-0.00379408,0.997088,-0.00668191,0.0758656,286.765,286.017,22.5193,37.7377,-0.309892
175,5,33274,18.2788,-3.03435,19.4256,-0.900704,19.4201,-0.477717,19.2089,7.03583,19.4596,27.7738,67.0142,-0.00379408,0.997088,-0.0066819,0.0758656,287.395,283.831,21.9446,37.5127,-0.289009
176,8,33275,17.7113,-1.14104,19.4256,-0.900704,19.4201,-0.477717,19.2089,7.03583,19.4376,27.6647,67.0125,-0.00481817,0.997183,-0.0152912,0.0732785,287.395,283.831,21.9446,37.5127,-0.289009
177,5,33342,18.6305,2.65267,18.5134,2.12432,18.4221,2.3695,18.2401,10.102,19.4385,27.6285,66.7975,0.000112048,0.996369,-0.0345303,0.0778258,288.984,280.914,20.69,37.458,-0.272618
178,8,33342,18.6305,2.65267,18.5134,2.12432,18.4221,2.3695,18.2401,10.102,19.4385,27.6285,66.7975,0.000112048,0.996369,-0.0345303,0.0778258,288.984,280.914,20.69,37.458,-0.272618
179,5,33408,18.0166,4.91621,17.4168,4.63229,17.2567,4.69874,17.071,12.6414,19.4197,27.6032,66.7281,0.000100579,0.996146,-0.0457067,0.0748638,290.808,278.529,20.1154,37.1894,-0.251205
180,5,33475,16.6699,5.87003,15.9384,7.06573,15.7158,6.93387,15.491,15.1021,19.3998,27.5745,66.7599,-6.60128e-07,0.99639,-0.0502977,0.0683858,293.183,276.228,19.1073,37.1181,-0.217973
181,5,33475,16.0062,8.22284,15.9384,7.06573,15.7158,6.93387,15.491,15.1021,19.338,27.4893,66.6438,-1.2136e-05,0.995964,-0.0614645,0.0654093,293.183,276.228,19.1073,37.1181,-0.217973
182,5,33525,16.0656,8.1409,14.4016,8.94863,14.1362,8.6486,13.846,17.0029,19.3754,27.5429,66.5977,-1.2136e-05,0.995964,-0.0614645,0.0654093,295.618,274.442,18.5931,36.8077,-0.201458
183,8,33534,14.6601,9.18684,14.4016,8.94863,14.1362,8.6486,13.846,17.0029,19.3126,27.4529,66.6752,-0.000113368,0.996075,-0.0660481,0.0589226,295.618,274.442,18.5931,36.8077,-0.201458
184,5,33591,12.8571,10.6326,11.973,11.2226,11.6671,10.7059,11.2437,19.294,19.287,27.4244,66.7325,-0.000354991,0.996064,-0.073094,0.0501312,299.415,272.317,18.4373,36.5986,-0.180096
185,0,33610,10.9753,12.1688,11.973,11.2226,11.6671,10.7059,11.2437,19.294,19.2105,27.339,66.9045,-0.000596569,0.995927,-0.0801306,0.0413334,299.415,272.317,18.4373,36.5986,-0.180096
186,5,33641,9.73785,12.5241,10.531,11.8162,10.221,11.2441,9.69551,19.8856,19.1533,27.3427,66.7756,0.000432224,0.995996,-0.0820448,0.0354895,301.612,271.654,17.8002,36.9629,-0.166263
187,0,33692,8.53299,12.8868,10.531,11.8162,10.221,11.2441,9.69551,19.8856,19.1186,27.345,66.6972,0.001461,0.996027,-0.0839557,0.0296442,301.612,271.654,17.8002,36.9629,-0.166263
188,5,33724,6.75974,13.029,6.86,13.4566,6.55079,12.7296,5.75481,21.5232,19.0542,27.2942,66.859,0.00127974,0.996213,-0.084285,0.0213141,307.191,270.016,17.3391,36.4344,-0.098432
189,5,33791,4.96233,13.0578,4.46589,13.7195,4.17791,12.9792,3.18157,21.7712,19.0368,27.312,66.8044,0.00153681,0.996337,-0.0846,0.0123956,310.822,269.621,17.1631,36.6548,-0.0729263
190,5,33791,3.14287,13.1991,4.46589,13.7195,4.17791,12.9792,3.18157,21.7712,18.936,27.2638,66.9605,0.00135533,0.996379,-0.0849172,0.00406303,310.822,269.621,17.1631,36.6548,-0.0729263
191,5,33859,1.34574,13.2611,1.19535,13.4842,0.950118,12.7891,-0.336039,21.5063,18.9177,27.2641,66.9605,0.00161215,0.996349,-0.0852192,-0.0048568,315.777,269.589,16.9025,36.4586,-0.0240238
192,8,33859,1.34574,13.2611,1.19535,13.4842,0.950118,12.7891,-0.336039,21.5063,18.9177,27.2641,66.9605,0.00161215,0.996349,-0.0852192,-0.0048568,315.777,269.589,16.9025,36.4586,-0.0240238
193,5,33925,-0.678829,13.5874,-1.61475,13.3575,-1.8192,12.6916,-3.35812,21.3552,18.896,27.2773,66.9195,0.000585057,0.996104,-0.0869157,-0.0148733,320.082,269.662,17.5112,36.5049,-0.00652519
194,0,33942,-2.78892,13.8514,-1.61475,13.3575,-1.8192,12.6916,-3.35812,21.3552,18.8115,27.3283,66.7601,-0.000442101,0.995756,-0.0886032,-0.0248883,320.082,269.662,17.5112,36.5049,-0.00652519
195,5,33991,-4.86793,12.6524,-4.27594,12.4392,-4.43346,11.8741,-6.22324,20.4011,18.7822,27.3401,66.7523,-0.00105802,0.995954,-0.082714,-0.0351108,324.15,270.376,17.8746,36.7128,0.0390185
196,0,34058,-6.11484,11.3825,-6.80922,11.0113,-6.92,10.5775,-8.95285,18.9302,18.7321,27.3774,66.7401,0.000575971,0.996216,-0.0765908,-0.0410732,328.081,271.556,18.275,36.8937,0.0634969
197,0,34058,-8.27811,10.1393,-6.80922,11.0113,-6.92,10.5775,-8.95285,18.9302,18.6433,27.4228,66.7171,-3.99945e-05,0.99618,-0.0706829,-0.0512868,328.081,271.556,18.275,36.8937,0.0634969
198,5,34126,-8.19473,10.212,-9.21892,9.17195,-9.28659,8.87797,-11.5512,17.0424,18.7001,27.3743,66.7305,-3.99944e-05,0.99618,-0.0706829,-0.0512868,331.854,273.167,18.9397,37.2812,0.0960626
199,5,34208,-9.53567,8.44984,-11.4026,6.08632,-11.4358,5.96814,-13.9116,13.89,18.6597,27.4036,66.7842,1.04152e-05,0.996403,-0.0620406,-0.0577223,335.365,275.851,20.1003,36.9154,0.135616
200,5,34208,-10.8689,7.13221,-11.4026,6.08632,-11.4358,5.96814,-13.9116,13.89,18.5591,27.4846,66.8189,0.00164431,0.996403,-0.0558992,-0.0636716,335.365,275.851,20.1003,36.9154,0.135616
201,5,34258,-10.7968,7.16704,-12.5505,4.27867,-12.569,4.23317,-15.153,12.0443,18.6016,27.4583,66.7096,0.00164431,0.996403,-0.0558992,-0.0636716,337.243,277.522,20.4827,37.2976,0.14832
202,8,34259,-12.2633,5.36124,-12.5505,4.27867,-12.569,4.23317,-15.153,12.0443,18.492,27.5261,66.9915,0.00169462,0.996419,-0.0472446,-0.0700946,337.243,277.522,20.4827,37.2976,0.14832
203,5,34324,-13.0369,2.69514,-13.7237,1.54689,-13.7326,1.57372,-16.4254,9.25953,18.4849,27.5581,66.9501,0.00158218,0.996678,-0.0340945,-0.0739432,339.218,280.07,21.4406,37.2803,0.168055
204,5,34391,-13.2146,0.710566,-14.3953,-1.47968,-14.4055,-1.41989,-17.1596,6.17921,18.4806,27.6077,66.927,0.00164585,0.996896,-0.0244881,-0.0748105,340.427,282.956,22.6836,37.6243,0.188566
205,5,34391,-14.0086,-2.11276,-14.3953,-1.47968,-14.4055,-1.41989,-17.1596,6.17921,18.4569,27.7422,66.7895,0.00153289,0.996838,-0.0113286,-0.0786356,340.427,282.956,22.6836,37.6243,0.188566
206,5,34441,-14.0016,-1.98739,-14.5043,-3.63526,-14.5205,-3.57866,-17.2854,3.98828,18.463,27.6588,66.8214,0.00153289,0.996838,-0.0113286,-0.0786356,340.712,285.039,23.349,37.9369,0.195197
207,8,34442,-14.1909,-4.1414,-14.5043,-3.63526,-14.5205,-3.57866,-17.2854,3.98828,18.4512,27.8189,66.7601,0.0015962,0.996833,-0.00171827,-0.0794861,340.712,285.039,23.349,37.9369,0.195197
208,5,34534,-13.7933,-7.50051,-14.1995,-7.65359,-14.2306,-7.65835,-16.9737,-0.0919329,18.4573,27.8707,66.8436,0.0012779,0.996884,0.0147252,-0.0774804,340.41,289.02,25.0125,38.3002,0.211669
209,5,34534,-13.6172,-8.37834,-14.1995,-7.65359,-14.2306,-7.65835,-16.9737,-0.0919329,18.4628,27.9263,66.9501,0.00123814,0.996886,0.0187197,-0.0765863,340.41,289.02,25.0125,38.3002,0.211669
210,5,34591,-13.6272,-8.28675,-13.6172,-10.1953,-13.6576,-10.2709,-16.3576,-2.66974,18.4526,27.8636,66.8885,0.00123814,0.996886,0.0187197,-0.0765863,339.61,291.588,26.1212,38.1938,0.195249
211,8,34592,-13.3941,-10.9153,-13.6172,-10.1953,-13.6576,-10.2709,-16.3576,-2.66974,18.4671,27.9528,66.976,0.000959254,0.996662,0.0311647,-0.0754534,339.61,291.588,26.1212,38.1938,0.195249
212,5,34658,-12.1163,-13.5441,-12.3095,-12.8933,-12.3565,-13.0575,-14.9623,-5.4005,18.495,27.9932,66.9686,0.00163923,0.996632,0.0440202,-0.0691629,337.616,294.334,26.7633,38.3496,0.178313
213,5,34708,-11.1778,-14.6228,-11.1655,-14.9037,-11.2122,-15.1468,-13.7401,-7.43395,18.5383,28.0667,66.924,-0.000338504,0.996694,0.0487211,-0.0650113,335.818,296.449,27.5991,38.6265,0.172265
214,5,34708,-9.82651,-17.3811,-11.1655,-14.9037,-11.2122,-15.1468,-13.7401,-7.43395,18.6107,28.1807,66.8768,0.000341378,0.996376,0.0615633,-0.0587013,335.818,296.449,27.5991,38.6265,0.172265
215,5,34775,-9.89091,-17.2712,-9.21389,-17.103,-9.25082,-17.4265,-11.6504,-9.653,18.5705,28.1093,66.9285,0.000341378,0.996376,0.0615633,-0.0587013,332.687,298.766,28.868,38.8799,0.15466
216,0,34808,-8.92877,-18.3772,-9.21389,-17.103,-9.25082,-17.4265,-11.6504,-9.653,18.6209,28.1989,66.8637,-0.00163612,0.99631,0.0662572,-0.054542,332.687,298.766,28.868,38.8799,0.15466
217,5,34842,-7.45102,-18.775,-7.07207,-18.9768,-7.08854,-19.3623,-9.35487,-11.5397,18.6777,28.2303,66.8667,-0.00100995,0.996546,0.0680978,-0.0475149,329.234,300.79,29.2587,38.9461,0.10917
218,0,34892,-6.00237,-19.1616,-7.07207,-18.9768,-7.08854,-19.3623,-9.35487,-11.5397,18.7163,28.2517,66.8688,-0.000383724,0.99673,0.0699348,-0.0404852,329.234,300.79,29.2587,38.9461,0.10917
219,5,34908,-4.0208,-20.1278,-4.94123,-20.2899,-4.93027,-20.7004,-7.0689,-12.857,18.7954,28.2992,66.8336,-9.20975e-05,0.996743,0.0743851,-0.0311522,325.758,302.213,29.7521,38.7769,0.0690153
220,5,34975,-2.12986,-21.0451,-1.99509,-21.4419,-1.93832,-21.835,-3.90562,-14.004,18.8142,28.3105,66.8251,0.000199539,0.99665,0.0788274,-0.0218158,320.935,303.536,30.0943,39.1655,0.00011294
221,8,34975,-2.12986,-21.0451,-1.99509,-21.4419,-1.93832,-21.835,-3.90562,-14.004,18.8142,28.3105,66.8251,0.000199539,0.99665,0.0788274,-0.0218158,320.935,303.536,30.0943,39.1655,0.00011294
222,5,35024,-0.109554,-22.0114,0.350067,-21.7953,0.446241,-22.1282,-1.38538,-14.3444,18.8612,28.3156,66.8468,-0.000107529,0.996433,0.0835138,-0.0121386,317.047,303.943,30.3957,39.0714,-0.0228821
223,5,35092,2.83351,-21.8134,2.29547,-22.2358,2.42991,-22.5289,0.704666,-14.7766,18.9295,28.3294,66.773,-3.26953e-06,0.996593,0.08245,0.00204236,313.858,304.513,30.2975,38.996,-0.0684131
224,5,35092,4.97523,-22.8118,2.29547,-22.2358,2.42991,-22.5289,0.704666,-14.7766,19.0446,28.3465,66.7514,-0.000310361,0.996129,0.0871164,0.0117209,313.858,304.513,30.2975,38.996,-0.0684131
225,5,35175,7.89963,-22.6226,6.55813,-21.6461,6.76743,-21.7352,5.29047,-14.1436,19.092,28.3562,66.6995,-0.000206076,0.995956,0.0860246,0.0258993,306.865,304.03,30.3521,39.2494,-0.135058
226,8,35175,7.89963,-22.6226,6.55813,-21.6461,6.76743,-21.7352,5.29047,-14.1436,19.092,28.3562,66.6995,-0.000206076,0.995956,0.0860246,0.0258993,306.865,304.03,30.3521,39.2494,-0.135058
227,5,35241,8.75222,-21.0726,9.15049,-20.7331,9.39984,-20.6679,8.08156,-13.1954,19.1293,28.3084,66.7967,-0.00112695,0.996433,0.0789053,0.0299128,302.664,303.174,29.4004,39.2821,-0.178455
228,0,35275,9.64573,-19.4578,9.15049,-20.7331,9.39984,-20.6679,8.08156,-13.1954,19.2016,28.2158,66.9855,-0.00204775,0.996841,0.0717807,0.0339243,302.664,303.174,29.4004,39.2821,-0.178455
229,5,35308,11.9174,-18.8629,11.6839,-19.4352,11.9651,-19.2083,10.8108,-11.8567,19.2661,28.2142,66.8437,-0.000977995,0.996629,0.0686999,0.044833,298.605,301.905,28.9475,38.9619,-0.219509
230,0,35358,14.1621,-18.2761,11.6839,-19.4352,11.9651,-19.2083,10.8108,-11.8567,19.3087,28.2132,66.7501,9.18899e-05,0.996288,0.0656103,0.0557358,298.605,301.905,28.9475,38.9619,-0.219509
231,5,35391,15.6126,-17.1859,14.4935,-17.0476,14.7882,-16.6247,13.8414,-9.40856,19.3477,28.1794,66.7261,0.00031925,0.996203,0.060398,0.062702,294.202,299.521,28.2475,38.6367,-0.271932
232,0,35442,17.0463,-16.1165,14.4935,-17.0476,14.7882,-16.6247,13.8414,-9.40856,19.3729,28.1575,66.7106,0.000546587,0.996043,0.0551813,0.0696633,294.202,299.521,28.2475,38.6367,-0.271932
233,5,35474,17.1435,-14.2947,16.75,-14.3326,17.0322,-13.7674,16.2785,-6.63225,19.3976,28.0958,66.8043,-0.000462095,0.996444,0.0467721,0.0700842,290.768,296.859,26.8883,38.4671,-0.309602
234,5,35541,17.6528,-12.1204,18.1022,-11.5553,18.3452,-10.9207,17.7435,-3.7997,19.4013,28.07,66.8126,-0.000305662,0.996692,0.0361622,0.0727861,288.78,294.113,26.042,38.3382,-0.313008
235,5,35541,17.7716,-10.23,18.1022,-11.5553,18.3452,-10.9207,17.7435,-3.7997,19.4425,27.9541,66.9642,-0.00131435,0.996931,0.0277463,0.0731953,288.78,294.113,26.042,38.3382,-0.313008
236,5,35591,17.7462,-10.3554,18.8617,-9.53516,19.0687,-8.88437,18.5682,-1.74125,19.4212,28.036,66.8939,-0.00131435,0.996931,0.0277463,0.0731953,287.704,292.153,25.0547,38.2558,-0.30695
237,8,35592,18.3021,-8.02559,18.8617,-9.53516,19.0687,-8.88437,18.5682,-1.74125,19.4566,27.9,67.0106,-0.0011578,0.996969,0.0171298,0.0758818,287.704,292.153,25.0547,38.2558,-0.30695
238,5,35658,18.4598,-6.34286,19.4484,-6.44853,19.5866,-5.82894,19.2113,1.39942,19.4568,27.8753,67.0218,-0.00190341,0.997011,0.00896771,0.0767113,287.01,289.151,24.1232,38.2677,-0.321489
239,0,35675,18.6166,-4.55509,19.4484,-6.44853,19.5866,-5.82894,19.2113,1.39942,19.4579,27.7794,67.065,-0.0026489,0.996986,0.000805045,0.0775356,287.01,289.151,24.1232,38.2677,-0.321489
240,5,35725,18.1337,-2.83991,19.6743,-3.62305,19.7426,-3.08129,19.4655,4.2719,19.4458,27.712,67.0426,-0.00376425,0.997129,-0.00719564,0.0752785,286.845,286.431,23.1266,37.636,-0.312598
241,5,35791,18.1506,-2.93788,19.4505,-0.685573,19.4398,-0.273022,19.2365,7.25461,19.4577,27.7784,67.0647,-0.00376425,0.997129,-0.00719564,0.0752785,287.388,283.647,22.0153,37.6379,-0.298506
242,8,35792,17.6559,-1.15419,19.4505,-0.685573,19.4398,-0.273022,19.2365,7.25461,19.4367,27.6616,67.0258,-0.00487933,0.997203,-0.0151958,0.073016,287.388,283.647,22.0153,37.6379,-0.298506
243,5,35858,17.8186,3.00212,18.7355,2.13969,18.6457,2.38538,18.479,10.1194,19.4333,27.6201,66.9694,-0.00216583,0.996612,-0.0360017,0.0739219,288.646,280.955,20.7613,37.3636,-0.265117
244,0,35894,18.0281,7.22088,18.7355,2.13969,18.6457,2.38538,18.479,10.1194,19.4271,27.5439,66.8659,0.00054863,0.99558,-0.0567917,0.0747952,288.646,280.955,20.7613,37.3636,-0.265117
245,5,35925,17.2979,6.57079,17.7543,4.4218,17.601,4.5052,17.433,12.4302,19.3835,27.5123,66.8284,0.000451382,0.996008,-0.0533377,0.0715741,290.291,278.782,20.0519,37.2489,-0.254667
246,0,35993,14.8601,9.36012,15.7051,7.47793,15.4728,7.31029,15.2418,15.519,19.3279,27.4346,66.9221,0.000185732,0.995972,-0.0667424,0.0598751,293.578,275.859,19.2018,37.1573,-0.226397
247,0,35993,14.0869,8.77806,15.7051,7.47793,15.4728,7.31029,15.2418,15.519,19.2547,27.3577,66.9494,8.84639e-05,0.996386,-0.0632871,0.0566526,293.578,275.859,19.2018,37.1573,-0.226397
248,5,36058,14.1834,8.65519,13.6241,9.78557,13.342,9.40721,13.0133,17.8471,19.3154,27.4382,66.8634,8.84639e-05,0.996386,-0.0632871,0.0566526,296.852,273.672,18.6579,36.9095,-0.201593
249,0,35975,16.5944,5.90492,11.7484,11.9373,11.4297,11.3469,11.005,20.0183,19.3566,27.4927,66.8052,0.000354125,0.996413,-0.0498825,0.0683514,299.821,271.787,18.4776,36.9803,-0.192831
250,0,36102,11.7292,11.4822,11.7484,11.9373,11.4297,11.3469,11.005,20.0183,19.2379,27.3354,66.9732,-0.000177225,0.996043,-0.0766717,0.0449358,299.821,271.787,18.4776,36.9803,-0.192831
251,0,36102,11.7292,11.4822,8.7741,13.0259,8.45507,12.3342,7.81124,21.1008,19.2379,27.3354,66.9732,-0.000177225,0.996043,-0.0766717,0.0449358,304.313,270.552,17.7853,36.4921,-0.141164
