id,quality,time,targetX,targetY,outputEvalX,outputEvalY,outputApplyX,outputApplyY,outputEvalNopolX,outputEvalNopolY,headX,headY,headZ,headi,headj,headk,headw,ETx,ETy,ETrmin,ETrmax,ETphi
0,5,91062,5.25624,-29.0569,13.5068,-28.4543,13.5741,-28.4524,21.0259,-28.2428,18.3979,32.8929,68.9951,0.0146385,0.996084,0.0840002,0.023376,294.954,228.685,23.4,31.6731,-0.216311
1,5,91062,5.11534,-29.4829,13.5068,-28.4543,13.5741,-28.4524,21.0259,-28.2428,18.3967,32.9148,68.9972,0.015086,0.995935,0.0858358,0.0227804,294.954,228.685,23.4,31.6731,-0.216311
2,0,91085,4.14257,-29.2635,13.6438,-28.4558,13.5741,-28.4524,21.7359,-28.4825,18.4807,32.8921,68.9141,0.0157768,0.996102,0.0850054,0.0174749,294.082,229.116,22.693,32.9178,-0.144525
3,8,91079,5.53482,-29.7899,13.6438,-28.4558,13.716,-28.456,21.7359,-28.4825,18.3981,32.917,68.9976,0.0154255,0.995866,0.0865245,0.0229429,294.082,229.116,22.693,32.9178,-0.144525
4,5,91704,3.37571,-29.4602,-3.32811,-27.9619,-3.6523,-27.8193,-39.7849,-11.9248,18.5211,32.8794,68.8758,0.0165801,0.996079,0.0859068,0.013124,368.005,218.598,29.4504,58.7163,0.307833
5,8,91700,3.07454,-29.3002,-3.32811,-27.9619,-3.6523,-27.8193,-39.7849,-11.9248,18.5254,32.8859,68.8284,0.0166941,0.996225,0.0845938,0.0100938,368.005,218.598,29.4504,58.7163,0.307833
6,0,91730,3.62162,-29.6755,-3.32811,-27.9619,-3.6523,-27.8193,-39.7849,-11.9248,18.5671,32.8644,68.8323,0.0163534,0.995981,0.086952,0.0139166,368.005,218.598,29.4504,58.7163,0.307833
7,0,92480,3.69752,-28.5134,-27.901,-26.1856,-3.6523,-27.8193,-36.7807,-33.6917,18.7199,32.7954,69.0068,0.0179726,0.996392,0.0819201,0.0130376,363.683,234.589,55.6995,58.7056,1.37296
8,0,92500,4.05996,-27.9524,-27.901,-26.1856,-3.6523,-27.8193,-36.7807,-33.6917,18.7149,32.796,68.9998,0.0182667,0.996577,0.0792354,0.014909,363.683,234.589,55.6995,58.7056,1.37296
9,5,92720,3.1986,-29.318,0.802572,-27.636,0.919115,-27.7032,13.8922,-35.1811,18.6898,32.815,68.9559,0.0177172,0.996124,0.0855052,0.0105663,303.659,234.274,23.8193,29.492,-0.123959
10,5,92720,3.02301,-29.3727,0.802572,-27.636,0.919115,-27.7032,13.8922,-35.1811,18.6823,32.8073,68.9261,0.0175993,0.996108,0.0858151,0.00971857,303.659,234.274,23.8193,29.492,-0.123959
11,0,92732,2.93681,-29.4587,0.802572,-27.636,0.919115,-27.7032,13.8922,-35.1811,18.6777,32.8009,68.9295,0.0174623,0.996075,0.0862709,0.00929021,303.659,234.274,23.8193,29.492,-0.123959
12,0,92751,3.34054,-29.0755,0.802572,-27.636,0.919115,-27.7032,13.8922,-35.1811,18.6759,32.7998,68.932,0.017629,0.996208,0.0844491,0.0113181,303.659,234.274,23.8193,29.492,-0.123959
13,5,93454,3.46039,-29.1566,0.794867,-27.6393,0.908647,-27.7051,13.5626,-35.0237,18.7302,32.7788,68.9238,0.0170979,0.996192,0.0847934,0.0109087,304.091,234.135,23.4775,30.246,-0.167724
14,8,93461,3.55954,-28.9512,0.794867,-27.6393,0.908647,-27.7051,13.5626,-35.0237,18.748,32.7864,68.919,0.0172485,0.996285,0.0836556,0.0109833,304.091,234.135,23.4775,30.246,-0.167724
15,8,94812,12.173,-29.9207,6.25957,-27.8875,6.42766,-27.9624,25.6303,-36.5096,18.8663,32.7373,68.9299,0.0174203,0.996201,0.0841099,0.0143675,290.255,237.138,23.449,29.1787,-0.382566
16,8,94882,13.6685,-29.4591,7.27057,-27.9507,7.43624,-28.0209,26.3694,-36.0426,18.8794,32.7669,68.9359,0.0172418,0.996391,0.081493,0.0163469,289.306,236.774,23.4595,28.0715,-0.268452
17,0,94903,13.8326,-29.7303,7.27057,-27.9507,7.43624,-28.0209,26.3694,-36.0426,18.883,32.7609,68.9913,0.0174988,0.996293,0.0827753,0.0155699,289.306,236.774,23.4595,28.0715,-0.268452
18,0,94912,14.1402,-29.4286,7.27057,-27.9507,7.43624,-28.0209,26.3694,-36.0426,18.8857,32.7585,68.9978,0.0176094,0.996395,0.0813214,0.0165374,289.306,236.774,23.4595,28.0715,-0.268452
19,5,94929,14.4543,-29.398,7.75008,-27.9708,7.92145,-28.0423,27.5728,-36.2448,18.8903,32.7594,68.9924,0.0175368,0.996411,0.0811161,0.0166406,288.112,237.25,24.2545,30.1741,-0.394886
20,0,94942,14.833,-29.3706,7.75008,-27.9708,7.92145,-28.0423,27.5728,-36.2448,18.8964,32.7605,68.9853,0.0174642,0.996428,0.0809108,0.0167438,288.112,237.25,24.2545,30.1741,-0.394886
21,0,94962,15.126,-29.268,7.75008,-27.9708,7.92145,-28.0423,27.5728,-36.2448,18.9093,32.7584,68.9426,0.0179258,0.996465,0.0803056,0.0169486,288.112,237.25,24.2545,30.1741,-0.394886
22,8,94962,15.4694,-29.2826,9.91339,-28.1043,10.0806,-28.1665,29.2919,-35.3139,18.9093,32.7584,68.9426,0.0179258,0.996465,0.0803056,0.0169486,286.03,236.657,24.3784,29.2495,-0.214885
23,0,94982,15.2285,-29.1709,9.91339,-28.1043,10.0806,-28.1665,29.2919,-35.3139,18.9134,32.7487,68.9773,0.0179628,0.996519,0.0799244,0.0154764,286.03,236.657,24.3784,29.2495,-0.214885
24,7,95002,15.7248,-29.3723,13.7944,-28.3255,13.9667,-28.3776,33.9713,-34.4363,18.9154,32.746,68.9712,0.0177882,0.996473,0.0808076,0.0140051,281.019,237.002,23.462,32.7872,-0.177798
25,8,95012,15.4424,-29.5379,13.7944,-28.3255,13.9667,-28.3776,33.9713,-34.4363,18.9194,32.7407,68.959,0.0176136,0.996423,0.0816905,0.0125337,281.019,237.002,23.462,32.7872,-0.177798
26,0,95032,15.9293,-28.8281,13.7944,-28.3255,13.9667,-28.3776,33.9713,-34.4363,18.9197,32.7297,68.9765,0.0177298,0.996682,0.0783632,0.013017,281.019,237.002,23.462,32.7872,-0.177798
27,8,95162,18.7847,-29.3664,15.2008,-28.38,15.3919,-28.4377,37.8868,-35.2209,18.9243,32.7658,68.9198,0.0180488,0.99652,0.079965,0.0151059,277.24,238.309,21.2527,28.3932,-0.38299
28,0,95182,18.7726,-29.9423,15.2008,-28.38,15.3919,-28.4377,37.8868,-35.2209,18.9261,32.7715,68.9205,0.0176919,0.996312,0.0826633,0.0147064,277.24,238.309,21.2527,28.3932,-0.38299
29,0,95192,19.0688,-30.3465,15.2008,-28.38,15.3919,-28.4377,37.8868,-35.2209,18.9248,32.7762,68.903,0.0175252,0.99617,0.084466,0.014277,277.24,238.309,21.2527,28.3932,-0.38299
30,5,95214,19.053,-30.1944,15.7734,-28.4132,15.9649,-28.4692,38.5327,-35.0693,18.9239,32.7633,68.9245,0.017494,0.996233,0.0838863,0.0133137,276.54,238.294,21.1993,27.7251,-0.324119
31,8,95212,19.1184,-30.0798,15.7734,-28.4132,15.9649,-28.4692,38.5327,-35.0693,18.9267,32.7725,68.9247,0.0175707,0.996275,0.083258,0.0139619,276.54,238.294,21.1993,27.7251,-0.324119
32,7,95235,19.3948,-30.0809,16.8593,-28.4827,17.0469,-28.5332,39.1747,-34.4923,18.9253,32.7654,68.9299,0.0175167,0.996285,0.0832822,0.0131561,275.971,237.749,22.4159,26.553,-0.607342
33,0,95252,19.4462,-30.0686,16.8593,-28.4827,17.0469,-28.5332,39.1747,-34.4923,18.9234,32.7558,68.9369,0.0174627,0.996294,0.0833064,0.0123503,275.971,237.749,22.4159,26.553,-0.607342
34,0,95262,19.576,-30.0461,16.8593,-28.4827,17.0469,-28.5332,39.1747,-34.4923,18.9231,32.75,68.9548,0.0176117,0.996299,0.0832053,0.012448,275.971,237.749,22.4159,26.553,-0.607342
35,8,95262,19.4535,-30.0411,16.8304,-28.4662,17.0276,-28.522,40.4296,-35.1396,18.9231,32.75,68.9548,0.0176117,0.996299,0.0832053,0.012448,274.874,238.556,23.72,27.4548,-0.759107
36,0,95282,19.8811,-29.6433,16.8304,-28.4662,17.0276,-28.522,40.4296,-35.1396,18.9236,32.7439,68.9718,0.0175482,0.99645,0.0813398,0.0127937,274.874,238.556,23.72,27.4548,-0.759107
37,7,95302,20.8078,-29.4579,21.066,-28.731,21.2525,-28.7679,43.5006,-33.1704,18.9266,32.7379,68.9635,0.0174413,0.996527,0.0803548,0.0131369,271.685,237.804,23.1224,29.7042,-0.371429
38,8,95292,20.8554,-29.6137,21.066,-28.731,21.2525,-28.7679,43.5006,-33.1704,18.9242,32.7371,68.9719,0.0176099,0.996465,0.0810486,0.0133936,271.685,237.804,23.1224,29.7042,-0.371429
39,0,95332,21.5291,-29.2669,21.066,-28.731,21.2525,-28.7679,43.5006,-33.1704,18.9285,32.734,68.958,0.0173345,0.996603,0.0793698,0.0134801,271.685,237.804,23.1224,29.7042,-0.371429
40,5,95345,22.2234,-29.1429,18.477,-28.5691,18.6702,-28.6175,41.6321,-34.3783,18.9338,32.7372,68.9392,0.017551,0.996662,0.0785854,0.0134355,273.6,238.313,22.1549,27.9283,-0.516195
41,8,95342,22.0644,-29.2115,18.477,-28.5691,18.6702,-28.6175,41.6321,-34.3783,18.9332,32.7365,68.9233,0.0177093,0.996628,0.0788902,0.0139974,273.6,238.313,22.1549,27.9283,-0.516195
42,0,95362,22.8684,-29.0158,18.477,-28.5691,18.6702,-28.6175,41.6321,-34.3783,18.9378,32.7397,68.9249,0.0177675,0.996721,0.0778009,0.0133908,273.6,238.313,22.1549,27.9283,-0.516195
43,8,95362,23.2293,-29.0306,20.6846,-28.726,20.8598,-28.7579,41.5906,-32.5363,18.9378,32.7397,68.9249,0.0177675,0.996721,0.0778009,0.0133908,273.251,236.531,22.7296,25.1089,-0.156334
44,0,95382,23.2718,-29.5991,20.6846,-28.726,20.8598,-28.7579,41.5906,-32.5363,18.9389,32.738,68.9605,0.017488,0.996514,0.0805408,0.0129458,273.251,236.531,22.7296,25.1089,-0.156334
45,7,95402,23.9829,-29.7189,18.7798,-28.5746,18.9809,-28.6263,43.0154,-34.8156,18.9337,32.743,68.9659,0.0174325,0.996484,0.0809477,0.01277,272.496,238.567,24.1154,27.2412,-1.34171
46,8,95392,24.1945,-29.642,18.7798,-28.5746,18.9809,-28.6263,43.0154,-34.8156,18.938,32.7389,68.9565,0.0175845,0.996503,0.0805227,0.0137663,272.496,238.567,24.1154,27.2412,-1.34171
47,7,95435,24.9231,-29.7833,24.2421,-28.9795,24.3874,-28.9843,41.4718,-29.5421,18.9343,32.743,68.9596,0.0175104,0.996443,0.0811989,0.014186,273.839,233.87,22.7855,32.3901,-1.02383
48,8,95432,24.579,-29.7936,24.2421,-28.9795,24.3874,-28.9843,41.4718,-29.5421,18.9303,32.7463,68.9695,0.017377,0.996454,0.0813546,0.0125942,273.839,233.87,22.7855,32.3901,-1.02383
49,0,95462,25.5299,-29.858,24.2421,-28.9795,24.3874,-28.9843,41.4718,-29.5421,18.9284,32.7496,68.9646,0.0174364,0.996383,0.0818751,0.0146056,273.839,233.87,22.7855,32.3901,-1.02383
50,5,95486,26.0375,-30.0049,23.7727,-28.9047,23.9495,-28.9281,45.0786,-31.721,18.9303,32.7493,68.9609,0.0173989,0.996323,0.0827105,0.0140063,270.364,236.723,22.4126,28.7659,-0.810063
51,8,95492,25.7719,-30.1704,23.7727,-28.9047,23.9495,-28.9281,45.0786,-31.721,18.9381,32.7484,68.9463,0.0173613,0.996262,0.0835459,0.0134069,270.364,236.723,22.4126,28.7659,-0.810063
52,8,97614,7.41428,-27.3767,14.4518,-28.4333,14.5759,-28.458,28.6539,-31.2524,18.9088,32.6591,68.9392,0.0177552,0.996586,0.0788406,0.0168829,286.506,232.646,21.2651,26.3094,-0.338193
53,0,97644,7.04436,-27.1761,14.4518,-28.4333,14.5759,-28.458,28.6539,-31.2524,18.9087,32.6536,68.9383,0.0176596,0.99667,0.0780013,0.015931,286.506,232.646,21.2651,26.3094,-0.338193
54,8,97744,5.92348,-27.158,8.6531,-28.0948,8.77408,-28.1374,22.3623,-32.9114,18.8991,32.6518,68.9206,0.0173323,0.996668,0.0781439,0.0156816,293.613,233.208,20.7493,28.2347,-0.219325
55,4,97784,5.69071,-27.1573,8.52119,-28.0879,8.64156,-28.1305,22.1549,-32.9172,18.8918,32.6542,68.9213,0.0171376,0.996647,0.0781918,0.016973,293.851,233.177,20.7581,28.1788,-0.219403
56,8,97784,5.48304,-27.1489,4.44422,-27.8761,4.54267,-27.9215,15.4612,-32.9559,18.8918,32.6542,68.9213,0.0171376,0.996647,0.0781918,0.016973,301.713,232.161,21.0482,26.3325,-0.221971
57,8,97794,5.25205,-27.3317,4.44422,-27.8761,4.54267,-27.9215,15.4612,-32.9559,18.8879,32.6534,68.9135,0.0173356,0.996591,0.0790762,0.0158939,301.713,232.161,21.0482,26.3325,-0.221971
58,0,97814,4.8221,-27.4384,4.44422,-27.8761,4.54267,-27.9215,15.4612,-32.9559,18.8887,32.653,68.9102,0.0171273,0.996552,0.0796623,0.0156737,301.713,232.161,21.0482,26.3325,-0.221971
59,5,97970,1.11886,-27.7004,3.47989,-27.8151,3.58119,-27.8653,14.8189,-33.4325,18.8837,32.631,68.9451,0.0171442,0.996382,0.0817684,0.0155734,302.533,232.61,20.2727,27.2978,-0.238275
60,8,97964,1.40029,-27.9159,3.47989,-27.8151,3.58119,-27.8653,14.8189,-33.4325,18.8853,32.6281,68.9453,0.0173239,0.996291,0.0827558,0.0159649,302.533,232.61,20.2727,27.2978,-0.238275
61,0,97994,1.11101,-27.6449,3.47989,-27.8151,3.58119,-27.8653,14.8189,-33.4325,18.8857,32.6358,68.9437,0.0169567,0.996403,0.0814796,0.0159537,302.533,232.61,20.2727,27.2978,-0.238275
62,7,98152,-2.78096,-27.4926,0.581606,-27.6706,0.66222,-27.7203,9.53731,-33.2001,18.882,32.6452,68.9006,0.0169359,0.996397,0.0814183,0.016633,308.887,231.78,20.6696,25.9743,-0.115824
63,8,98144,-3.11038,-27.3407,0.581606,-27.6706,0.66222,-27.7203,9.53731,-33.2001,18.8819,32.6365,68.9411,0.0165978,0.996481,0.080789,0.0149121,308.887,231.78,20.6696,25.9743,-0.115824
64,0,98184,-3.29893,-27.8506,0.581606,-27.6706,0.66222,-27.7203,9.53731,-33.2001,18.8861,32.6396,68.9267,0.0169462,0.996257,0.0832359,0.0160328,308.887,231.78,20.6696,25.9743,-0.115824
65,0,98194,-4.19371,-27.2639,0.581606,-27.6706,0.66222,-27.7203,9.53731,-33.2001,18.8892,32.638,68.9385,0.016892,0.996492,0.0806274,0.0147703,308.887,231.78,20.6696,25.9743,-0.115824
66,8,98385,-10.7173,-26.6855,-6.50559,-27.2772,-6.44608,-27.3411,0.0836294,-34.3514,18.9008,32.6506,68.9239,0.0168153,0.996618,0.079014,0.0150661,320.697,232.417,22.2081,26.8237,-0.0288623
67,8,98395,-10.5753,-27.1114,-6.50559,-27.2772,-6.44608,-27.3411,0.0836294,-34.3514,18.9024,32.6534,68.905,0.0173221,0.996431,0.0810602,0.015947,320.697,232.417,22.2081,26.8237,-0.0288623
68,0,98415,-11.3992,-26.8442,-6.50559,-27.2772,-6.44608,-27.3411,0.0836294,-34.3514,18.9039,32.654,68.9033,0.0168818,0.996561,0.0798358,0.0144394,320.697,232.417,22.2081,26.8237,-0.0288623
69,5,98428,-12.035,-26.9015,-8.10878,-27.1899,-8.05547,-27.2563,-2.20514,-34.5372,18.9041,32.6534,68.9032,0.0167523,0.99655,0.0801692,0.0134188,323.616,232.586,21.4342,26.7033,-0.0745552
70,8,98435,-12.466,-26.9665,-8.10878,-27.1899,-8.05547,-27.2563,-2.20514,-34.5372,18.9044,32.6521,68.9029,0.0166228,0.996539,0.0805025,0.0123981,323.616,232.586,21.4342,26.7033,-0.0745552
71,5,98453,-12.8853,-26.9662,-8.43383,-27.1813,-8.38881,-27.2446,-3.45371,-34.1852,18.9106,32.6503,68.8836,0.0168775,0.996513,0.0806456,0.0131528,325.158,232.165,22.7369,26.4143,-0.0197776
72,8,98445,-12.402,-27.0092,-8.43383,-27.1813,-8.38881,-27.2446,-3.45371,-34.1852,18.9057,32.6563,68.8748,0.0170749,0.99648,0.0807921,0.0144332,325.158,232.165,22.7369,26.4143,-0.0197776
73,7,98485,-12.8634,-26.9828,-9.7101,-27.1074,-9.66657,-27.1744,-4.88982,-34.5248,18.9142,32.6493,68.8727,0.0171321,0.996487,0.0807886,0.0139075,326.975,232.603,20.7989,26.811,-0.0185775
74,8,98485,-12.8634,-26.9828,-9.7101,-27.1074,-9.66657,-27.1744,-4.88982,-34.5248,18.9142,32.6493,68.8727,0.0171321,0.996487,0.0807886,0.0139075,326.975,232.603,20.7989,26.811,-0.0185775
75,5,98520,-13.0176,-27.0194,-10.32,-27.0811,-10.2843,-27.1463,-6.3615,-34.2969,18.9134,32.6483,68.8773,0.0171503,0.996464,0.081015,0.0142151,328.829,232.385,21.2762,26.7712,-0.0120407
76,8,98515,-12.9669,-27.0657,-10.32,-27.0811,-10.2843,-27.1463,-6.3615,-34.2969,18.9153,32.6501,68.8694,0.0172318,0.996444,0.0812225,0.0143259,328.829,232.385,21.2762,26.7712,-0.0120407
77,5,98565,-13.1504,-26.8554,-11.4666,-27.0131,-11.4309,-27.0822,-7.50937,-34.6728,18.9125,32.645,68.8943,0.01723,0.996516,0.0803209,0.014407,330.249,232.784,21.1263,26.5928,0.0283229
78,5,98565,-13.1295,-26.8468,-11.4666,-27.0131,-11.4309,-27.0822,-7.50937,-34.6728,18.9089,32.6396,68.9202,0.0171983,0.996514,0.0803303,0.0145054,330.249,232.784,21.1263,26.5928,0.0283229
79,5,98635,-15.0184,-26.5915,-15.9446,-26.7802,-15.9347,-26.8515,-14.8435,-34.7242,18.8979,32.6422,68.9129,0.0170671,0.996579,0.0794591,0.0150082,339.38,233.223,21.5676,26.8473,0.0772812
80,8,98635,-14.6754,-26.6051,-15.9446,-26.7802,-15.9347,-26.8515,-14.8435,-34.7242,18.8979,32.6422,68.9129,0.0170671,0.996579,0.0794591,0.0150082,339.38,233.223,21.5676,26.8473,0.0772812
81,0,98665,-15.0378,-27.2382,-15.9446,-26.7802,-15.9347,-26.8515,-14.8435,-34.7242,18.8889,32.6429,68.9444,0.0167782,0.996332,0.0824941,0.0153774,339.38,233.223,21.5676,26.8473,0.0772812
82,8,98665,-15.2445,-27.23,-16.1213,-26.7838,-16.1224,-26.8502,-16.2444,-34.174,18.8889,32.6429,68.9444,0.0167782,0.996332,0.0824941,0.0153774,340.944,232.79,21.9192,27.665,0.356485
83,0,98685,-15.8074,-26.5396,-16.1213,-26.7838,-16.1224,-26.8502,-16.2444,-34.174,18.8903,32.6461,68.9453,0.017257,0.996559,0.0794418,0.0161683,340.944,232.79,21.9192,27.665,0.356485
84,0,98695,-15.7319,-26.7564,-16.1213,-26.7838,-16.1224,-26.8502,-16.2444,-34.174,18.8881,32.645,68.9435,0.0169788,0.996498,0.0803811,0.0155712,340.944,232.79,21.9192,27.665,0.356485
85,5,98711,-15.9583,-26.681,-17.7152,-26.6882,-17.7155,-26.7603,-17.7501,-34.7412,18.883,32.647,68.9106,0.0169545,0.996508,0.080075,0.0165252,342.936,233.497,20.0715,26.4011,0.0997734
86,7,98735,-16.411,-26.594,-17.6922,-26.6995,-17.7002,-26.7676,-18.5882,-34.3059,18.8797,32.6483,68.8886,0.0169301,0.996516,0.0797689,0.0174792,343.934,233.095,21.3251,26.0565,0.174529
87,8,98735,-16.411,-26.594,-17.6922,-26.6995,-17.7002,-26.7676,-18.5882,-34.3059,18.8797,32.6483,68.8886,0.0169301,0.996516,0.0797689,0.0174792,343.934,233.095,21.3251,26.0565,0.174529
88,5,98770,-17.434,-26.7222,-18.3727,-26.6568,-18.3788,-26.728,-19.0636,-34.6312,18.8802,32.6474,68.8893,0.0168143,0.996468,0.0805243,0.016884,344.459,233.417,21.1318,25.3324,0.270786
89,8,98765,-17.3688,-26.8126,-18.3727,-26.6568,-18.3788,-26.728,-19.0636,-34.6312,18.8788,32.6456,68.8861,0.0166639,0.996445,0.0809044,0.0165486,344.459,233.417,21.1318,25.3324,0.270786
90,0,98785,-17.5682,-26.8844,-18.3727,-26.6568,-18.3788,-26.728,-19.0636,-34.6312,18.8815,32.6451,68.8909,0.0166985,0.996418,0.0812795,0.0162888,344.459,233.417,21.1318,25.3324,0.270786
91,0,98795,-17.8422,-26.8178,-18.3727,-26.6568,-18.3788,-26.728,-19.0636,-34.6312,18.8824,32.6358,68.9468,0.0166271,0.996457,0.0810443,0.0151243,344.459,233.417,21.1318,25.3324,0.270786
92,8,98795,-17.9329,-26.8143,-16.5214,-26.7682,-16.5289,-26.8327,-17.3502,-33.9549,18.8824,32.6358,68.9468,0.0166271,0.996457,0.0810443,0.0151243,342.371,232.685,20.6485,26.9847,0.25769
93,0,98835,-18.1958,-26.8909,-16.5214,-26.7682,-16.5289,-26.8327,-17.3502,-33.9549,18.8905,32.6381,68.9462,0.0170261,0.996412,0.0815157,0.0151263,342.371,232.685,20.6485,26.9847,0.25769
94,5,98846,-18.3436,-27.0572,-16.9194,-26.7419,-16.9247,-26.8088,-17.5133,-34.2022,18.89,32.6376,68.9437,0.0170423,0.996348,0.0823237,0.0149643,342.592,232.884,20.9272,25.8956,0.235844
95,4,98865,-18.631,-27.2183,-17.3416,-26.7236,-17.3522,-26.7892,-18.5225,-34.0493,18.8898,32.6373,68.9422,0.0170584,0.996283,0.0831317,0.0148023,343.831,232.822,21.3593,25.9666,0.234937
96,5,98886,-19.2624,-27.0941,-17.7198,-26.7074,-17.7352,-26.7718,-19.4389,-33.906,18.8873,32.6394,68.9277,0.0170033,0.996316,0.0826546,0.0152629,344.953,232.766,21.7503,26.0309,0.234117
97,8,98885,-18.912,-26.9896,-17.7198,-26.7074,-17.7352,-26.7718,-19.4389,-33.906,18.8857,32.6371,68.9349,0.0171561,0.996345,0.0821772,0.0158037,344.953,232.766,21.7503,26.0309,0.234117
98,8,98895,-18.9383,-27.0147,-17.7198,-26.7074,-17.7352,-26.7718,-19.4389,-33.906,18.8815,32.6444,68.8938,0.0169482,0.99635,0.0821775,0.0157235,344.953,232.766,21.7503,26.0309,0.234117
99,0,98915,-19.3318,-26.8667,-17.7198,-26.7074,-17.7352,-26.7718,-19.4389,-33.906,18.8751,32.6466,68.8889,0.0166914,0.996421,0.0814539,0.015197,344.953,232.766,21.7503,26.0309,0.234117
100,8,98915,-19.511,-26.8596,-18.8542,-26.6395,-18.8691,-26.7078,-20.5249,-34.3026,18.8751,32.6466,68.8889,0.0166914,0.996421,0.0814539,0.015197,346.228,233.281,20.3018,25.4407,0.274097
101,0,98935,-19.8948,-26.9071,-18.8542,-26.6395,-18.8691,-26.7078,-20.5249,-34.3026,18.8706,32.6508,68.8789,0.0168238,0.99641,0.0817022,0.014486,346.228,233.281,20.3018,25.4407,0.274097
102,0,98945,-19.8523,-26.8678,-18.8542,-26.6395,-18.8691,-26.7078,-20.5249,-34.3026,18.8719,32.6594,68.8426,0.0169103,0.996419,0.0814726,0.0150204,346.228,233.281,20.3018,25.4407,0.274097
103,7,98985,-20.6326,-27.2367,-19.173,-26.635,-19.199,-26.6987,-22.0941,-33.7861,18.8651,32.6606,68.8845,0.0164237,0.996286,0.0832461,0.0146621,348.101,232.969,21.4048,26.3478,0.321309
104,8,98985,-20.6326,-27.2367,-19.173,-26.635,-19.199,-26.6987,-22.0941,-33.7861,18.8651,32.6606,68.8845,0.0164237,0.996286,0.0832461,0.0146621,348.101,232.969,21.4048,26.3478,0.321309
105,7,99019,-21.2211,-26.7022,-20.3583,-26.5629,-20.3829,-26.6312,-23.1273,-34.2508,18.8649,32.6582,68.885,0.0165486,0.996428,0.0815685,0.0143179,349.384,233.567,21.68,26.4501,0.195347
106,8,99015,-21.1683,-27.1268,-20.3583,-26.5629,-20.3829,-26.6312,-23.1273,-34.2508,18.8657,32.6611,68.8901,0.0167244,0.99625,0.083604,0.0147255,349.384,233.567,21.68,26.4501,0.195347
107,7,99052,-21.6217,-26.9763,-20.9582,-26.5305,-20.9852,-26.5995,-24.0055,-34.3095,18.868,32.6584,68.8768,0.0169944,0.996276,0.0830969,0.0155181,350.348,233.701,21.3284,25.9633,0.339253
108,8,99045,-21.8905,-26.3142,-20.9582,-26.5305,-20.9852,-26.5995,-24.0055,-34.3095,18.8647,32.655,68.8855,0.0166734,0.996566,0.0798906,0.0139736,350.348,233.701,21.3284,25.9633,0.339253
109,0,99085,-21.9245,-26.7558,-20.9582,-26.5305,-20.9852,-26.5995,-24.0055,-34.3095,18.8706,32.6553,68.862,0.0172645,0.996301,0.0825896,0.0163106,350.348,233.701,21.3284,25.9633,0.339253
110,5,99097,-22.0407,-26.6478,-20.6118,-26.5564,-20.643,-26.6222,-24.1237,-33.965,18.8707,32.6573,68.8558,0.0171482,0.996352,0.0820428,0.0160633,350.485,233.408,21.8274,26.7677,0.352002
111,7,99118,-22.5599,-26.6357,-20.4952,-26.5723,-20.5333,-26.6341,-24.7846,-33.5405,18.8706,32.6569,68.8576,0.0171204,0.996347,0.0820879,0.0161602,351.282,233.004,21.2206,25.167,0.411028
112,8,99115,-22.6223,-26.52,-20.4952,-26.5723,-20.5333,-26.6341,-24.7846,-33.5405,18.8707,32.6586,68.8517,0.0170319,0.996403,0.0814961,0.015816,351.282,233.004,21.2206,25.167,0.411028
113,7,99152,-23.6579,-26.4643,-22.3078,-26.4513,-22.3354,-26.5243,-25.4331,-34.7138,18.8712,32.6578,68.8537,0.0170219,0.996407,0.0814358,0.0158641,351.972,234.263,20.1196,25.1724,0.41829
114,8,99145,-23.629,-26.4996,-22.3078,-26.4513,-22.3354,-26.5243,-25.4331,-34.7138,18.8706,32.6589,68.8523,0.0169763,0.996393,0.0815861,0.0160098,351.972,234.263,20.1196,25.1724,0.41829
115,5,99186,-25.3296,-26.5712,-22.2826,-26.461,-22.3165,-26.5307,-26.123,-34.3504,18.8714,32.6598,68.8515,0.0168801,0.996348,0.082197,0.015762,352.836,233.962,21.3059,24.8607,0.377941
116,5,99186,-25.3374,-26.5483,-22.2826,-26.461,-22.3165,-26.5307,-26.123,-34.3504,18.8724,32.6599,68.8521,0.0168979,0.996358,0.0820917,0.0157132,352.836,233.962,21.3059,24.8607,0.377941
117,0,99215,-25.4543,-26.7065,-22.2826,-26.461,-22.3165,-26.5307,-26.123,-34.3504,18.8725,32.6611,68.8502,0.0167838,0.996303,0.0828078,0.0155141,352.836,233.962,21.3059,24.8607,0.377941
118,5,99228,-25.6812,-26.4691,-23.2446,-26.3976,-23.2737,-26.4729,-26.5393,-34.9373,18.872,32.6626,68.8509,0.0168491,0.996384,0.0818119,0.0155568,353.239,234.636,19.372,24.9154,0.436869
119,8,99235,-25.7218,-26.2347,-23.2446,-26.3976,-23.2737,-26.4729,-26.5393,-34.9373,18.8711,32.6655,68.852,0.0169143,0.996463,0.080816,0.0155996,353.239,234.636,19.372,24.9154,0.436869
120,5,99251,-25.9371,-26.4781,-23.0289,-26.4193,-23.0648,-26.4904,-27.0913,-34.4851,18.8714,32.6636,68.8646,0.0170232,0.996352,0.0822111,0.0153341,353.911,234.281,20.3293,25.3053,0.417827
121,8,99245,-25.8455,-26.8002,-23.0289,-26.4193,-23.0648,-26.4904,-27.0913,-34.4851,18.8737,32.6643,68.8764,0.0171255,0.996239,0.0835643,0.015207,353.911,234.281,20.3293,25.3053,0.417827
122,5,99285,-26.2225,-26.7036,-22.9761,-26.4347,-23.0213,-26.5008,-28.1031,-33.9389,18.8715,32.6628,68.8705,0.017132,0.996238,0.0836061,0.0150685,355.151,233.911,20.2097,24.9761,0.331514
123,8,99285,-26.1649,-26.7211,-22.9761,-26.4347,-23.0213,-26.5008,-28.1031,-33.9389,18.8715,32.6628,68.8705,0.017132,0.996238,0.0836061,0.0150685,355.151,233.911,20.2097,24.9761,0.331514
124,5,99320,-26.182,-26.4899,-24.2239,-26.3495,-24.2604,-26.424,-28.3843,-34.8287,18.8717,32.6626,68.8546,0.0171284,0.996292,0.0828262,0.0157898,355.401,234.873,19.795,26.1133,0.34163
125,8,99315,-26.1443,-26.2995,-24.2239,-26.3495,-24.2604,-26.424,-28.3843,-34.8287,18.8721,32.6641,68.8236,0.0170602,0.99638,0.0817753,0.0157512,355.401,234.873,19.795,26.1133,0.34163
126,5,99362,-26.2282,-26.2783,-24.552,-26.3353,-24.5926,-26.4088,-29.1749,-34.7067,18.8672,32.6599,68.8637,0.0168948,0.996411,0.0816697,0.0145063,356.308,234.785,20.22,24.6459,0.40795
127,5,99362,-26.1462,-26.2975,-24.552,-26.3353,-24.5926,-26.4088,-29.1749,-34.7067,18.865,32.6577,68.883,0.0169272,0.996393,0.0818052,0.0148863,356.308,234.785,20.22,24.6459,0.40795
128,5,99385,-26.1841,-26.2946,-22.6866,-26.4669,-22.7433,-26.5262,-29.1198,-33.195,18.868,32.6597,68.8611,0.0169272,0.996393,0.0818052,0.0148863,356.234,233.421,21.0051,27.2647,0.477779
129,0,99415,-26.5582,-26.2428,-22.6866,-26.4669,-22.7433,-26.5262,-29.1198,-33.195,18.8628,32.6562,68.8993,0.0167295,0.996439,0.081564,0.0132614,356.234,233.421,21.0051,27.2647,0.477779
130,8,99415,-26.7857,-26.1862,-26.0587,-26.2717,-26.1186,-26.3399,-32.9257,-34.0867,18.8628,32.6562,68.8993,0.0167295,0.996439,0.081564,0.0132614,360.519,234.878,20.5782,25.9389,0.42125
131,8,99425,-26.8065,-25.9487,-26.0587,-26.2717,-26.1186,-26.3399,-32.9257,-34.0867,18.862,32.6553,68.8981,0.0166013,0.996539,0.0804015,0.0130606,360.519,234.878,20.5782,25.9389,0.42125
132,5,99451,-26.5646,-26.2918,-24.6732,-26.3671,-24.7432,-26.4257,-32.6814,-33.0648,18.8626,32.6564,68.9,0.0165507,0.996419,0.0818121,0.0134687,360.257,233.848,21.3546,26.4045,0.514001
133,8,99445,-26.8736,-26.351,-24.6732,-26.3671,-24.7432,-26.4257,-32.6814,-33.0648,18.8613,32.6574,68.9025,0.0165777,0.996388,0.0822857,0.0128867,360.257,233.848,21.3546,26.4045,0.514001
134,0,99465,-26.5167,-26.5881,-24.6732,-26.3671,-24.7432,-26.4257,-32.6814,-33.0648,18.8637,32.6584,68.9033,0.0165,0.996298,0.0832226,0.0138768,360.257,233.848,21.3546,26.4045,0.514001
135,0,99475,-26.5188,-26.8787,-24.6732,-26.3671,-24.7432,-26.4257,-32.6814,-33.0648,18.8643,32.66,68.9015,0.0166733,0.996171,0.0846564,0.0140777,360.257,233.848,21.3546,26.4045,0.514001
136,5,99499,-26.5474,-26.844,-25.48,-26.3141,-25.546,-26.3773,-33.0435,-33.5506,18.865,32.6613,68.8967,0.0166485,0.996183,0.0845154,0.0140983,360.685,234.405,20.1865,25.9345,0.403879
137,8,99495,-26.6511,-26.8954,-25.48,-26.3141,-25.546,-26.3773,-33.0435,-33.5506,18.8659,32.6607,68.9022,0.0165889,0.996154,0.0848704,0.0140988,360.685,234.405,20.1865,25.9345,0.403879
138,5,99518,-26.3826,-26.8559,-24.956,-26.3495,-25.0253,-26.4093,-32.8865,-33.1963,18.8683,32.6636,68.8823,0.0166497,0.996163,0.0846027,0.0150087,360.507,234.001,21.1278,25.9005,0.474085
139,8,99515,-26.6445,-26.7937,-24.956,-26.3495,-25.0253,-26.4093,-32.8865,-33.1963,18.8661,32.6634,68.8896,0.0166238,0.996195,0.0843743,0.0141188,360.507,234.001,21.1278,25.9005,0.474085
140,5,99554,-26.4726,-26.6398,-24.6859,-26.3675,-24.7567,-26.4256,-32.7876,-33.0225,18.8689,32.6618,68.8754,0.0166938,0.996245,0.0836599,0.0147778,360.361,233.834,20.5264,26.2455,0.531813
141,8,99545,-26.2644,-26.7779,-24.6859,-26.3675,-24.7567,-26.4256,-32.7876,-33.0225,18.8704,32.6661,68.8653,0.0167106,0.99617,0.0843349,0.0159187,360.361,233.834,20.5264,26.2455,0.531813
142,5,99586,-25.9695,-26.5717,-25.5116,-26.313,-25.5781,-26.376,-33.1408,-33.5283,18.8724,32.6598,68.8582,0.0167637,0.996294,0.0829453,0.0154368,360.761,234.418,20.2671,26.5308,0.443166
143,8,99586,-25.9896,-26.5638,-25.5116,-26.313,-25.5781,-26.376,-33.1408,-33.5283,18.8724,32.6598,68.8582,0.0167637,0.996294,0.0829453,0.0154368,360.761,234.418,20.2671,26.5308,0.443166
144,5,99636,-25.2403,-26.4909,-25.9275,-26.2844,-25.9911,-26.3502,-33.2152,-33.8346,18.8762,32.6581,68.8635,0.0172175,0.996396,0.0815801,0.015627,360.88,234.694,20.2747,25.6441,0.374203
145,5,99636,-25.1322,-26.3025,-25.9275,-26.2844,-25.9911,-26.3502,-33.2152,-33.8346,18.8851,32.6501,68.89,0.0173429,0.996451,0.0807974,0.0159891,360.88,234.694,20.2747,25.6441,0.374203
146,7,99668,-25.1657,-26.1269,-24.9885,-26.343,-25.0543,-26.4047,-32.524,-33.4032,18.8843,32.6509,68.8898,0.017513,0.996554,0.0797242,0.0147305,360.11,234.186,20.2026,26.2409,0.407422
147,7,99668,-25.1832,-25.9878,-24.9885,-26.343,-25.0543,-26.4047,-32.524,-33.4032,18.8995,32.6513,68.8897,0.0178413,0.996597,0.0791415,0.0145585,360.11,234.186,20.2026,26.2409,0.407422
148,8,99676,-25.4239,-25.7643,-24.9885,-26.343,-25.0543,-26.4047,-32.524,-33.4032,18.9111,32.6553,68.8888,0.0180114,0.996697,0.0780681,0.0132999,360.11,234.186,20.2026,26.2409,0.407422
149,4,99696,-24.6614,-26.2165,-25.0614,-26.3384,-25.127,-26.4004,-32.5746,-33.4382,18.9221,32.6607,68.8898,0.0182306,0.996516,0.0800024,0.0149367,360.164,234.228,20.2289,26.2551,0.408265
150,8,99696,-24.4877,-26.2238,-25.4025,-26.3169,-25.4672,-26.3805,-32.8108,-33.6023,18.9221,32.6607,68.8898,0.0182306,0.996516,0.0800024,0.0149367,360.414,234.425,20.3518,26.3214,0.4122
151,0,99716,-24.5728,-26.2878,-25.4025,-26.3169,-25.4672,-26.3805,-32.8108,-33.6023,18.9276,32.6618,68.888,0.0182524,0.996508,0.0802195,0.014298,360.414,234.425,20.3518,26.3214,0.4122
152,5,99736,-23.8509,-26.7981,-23.6556,-26.4273,-23.7256,-26.4827,-31.6433,-32.7409,18.933,32.6632,68.8676,0.0181379,0.996371,0.0820835,0.0133751,359.11,233.447,20.8778,27.7349,0.455335
153,8,99726,-23.8347,-27.148,-23.6556,-26.4273,-23.7256,-26.4827,-31.6433,-32.7409,18.9317,32.6704,68.8407,0.0183946,0.996195,0.0838315,0.0151313,359.11,233.447,20.8778,27.7349,0.455335
154,0,99766,-24.0151,-27.2084,-23.6556,-26.4273,-23.7256,-26.4827,-31.6433,-32.7409,18.9366,32.6641,68.854,0.0180234,0.996229,0.0839472,0.0124521,359.11,233.447,20.8778,27.7349,0.455335
155,5,99778,-23.4512,-27.2146,-23.942,-26.399,-24.0034,-26.4597,-30.9494,-33.3219,18.9463,32.6629,68.8691,0.0179877,0.99624,0.0838641,0.0122472,358.355,233.876,20.8699,27.275,0.38291
156,8,99777,-23.4595,-27.206,-23.942,-26.399,-24.0034,-26.4597,-30.9494,-33.3219,18.9378,32.6632,68.8571,0.0181256,0.996225,0.0838959,0.0130193,358.355,233.876,20.8699,27.275,0.38291
157,7,99802,-22.8242,-27.2295,-22.5629,-26.4862,-22.6287,-26.5404,-30.0343,-32.6387,18.942,32.6629,68.8631,0.0180388,0.996237,0.0838384,0.0125308,357.287,233.026,21.3534,27.2859,0.509967
158,5,99819,-22.3484,-27.2374,-24.5838,-26.3377,-24.6276,-26.4096,-29.58,-34.5317,18.9474,32.6636,68.8647,0.0182723,0.996235,0.0838285,0.0124373,356.82,234.701,18.7138,23.9597,0.313412
159,8,99816,-22.6181,-27.2341,-24.5838,-26.3377,-24.6276,-26.4096,-29.58,-34.5317,18.9494,32.6625,68.8738,0.017952,0.99625,0.0837809,0.0120423,356.82,234.701,18.7138,23.9597,0.313412
160,0,99846,-22.3464,-27.2227,-24.5838,-26.3377,-24.6276,-26.4096,-29.58,-34.5317,18.9624,32.6643,68.8766,0.018419,0.996245,0.0837612,0.0118554,356.82,234.701,18.7138,23.9597,0.313412
161,8,99846,-22.1465,-27.231,-24.4359,-26.3506,-24.4829,-26.4204,-29.7856,-34.3076,18.9624,32.6643,68.8766,0.018419,0.996245,0.0837612,0.0118554,357.027,234.613,19.7935,26.4678,0.32966
162,0,99866,-21.8993,-26.7274,-24.4359,-26.3506,-24.4829,-26.4204,-29.7856,-34.3076,18.9693,32.6611,68.909,0.0183317,0.996432,0.0814109,0.0126554,357.027,234.613,19.7935,26.4678,0.32966
163,0,99876,-21.5342,-26.8895,-24.4359,-26.3506,-24.4829,-26.4204,-29.7856,-34.3076,18.9727,32.6591,68.9135,0.0181091,0.996376,0.0820878,0.0129666,357.027,234.613,19.7935,26.4678,0.32966
164,5,99895,-20.9019,-26.4404,-23.472,-26.4011,-23.514,-26.4705,-28.2437,-34.2783,18.9798,32.6558,68.8945,0.0184839,0.996511,0.0800407,0.014737,355.252,234.287,20.154,25.7353,0.38925
165,0,99916,-20.2675,-25.9941,-23.472,-26.4011,-23.514,-26.4705,-28.2437,-34.2783,18.9863,32.6528,68.8773,0.0188585,0.996639,0.0779931,0.0165073,355.252,234.287,20.154,25.7353,0.38925
166,8,99916,-19.9487,-26.0081,-23.683,-26.3734,-23.7134,-26.4494,-27.1371,-35.002,18.9863,32.6528,68.8773,0.0188585,0.996639,0.0779931,0.0165073,353.986,234.813,19.4602,25.038,0.315598
167,8,99926,-19.6528,-25.893,-23.683,-26.3734,-23.7134,-26.4494,-27.1371,-35.002,18.9875,32.6514,68.88,0.0190716,0.996647,0.0775215,0.0179233,353.986,234.813,19.4602,25.038,0.315598
168,7,99952,-19.0084,-25.9199,-22.0515,-26.4703,-22.082,-26.541,-25.5057,-34.4663,18.9883,32.6517,68.8819,0.0188948,0.996656,0.0774716,0.0178551,352.134,234.06,20.1254,25.2332,0.284692
169,8,99946,-19.1868,-25.6491,-22.0515,-26.4703,-22.082,-26.541,-25.5057,-34.4663,18.9896,32.6489,68.8941,0.0188725,0.996771,0.0761953,0.0168863,352.134,234.06,20.1254,25.2332,0.284692
170,7,99985,-18.5809,-26.1607,-20.0523,-26.5976,-20.0896,-26.6584,-24.2564,-33.4374,18.9888,32.6521,68.8902,0.0187456,0.99659,0.0784657,0.0173239,350.683,232.996,21.5815,27.9216,0.283705
171,8,99976,-18.4719,-25.9415,-20.0523,-26.5976,-20.0896,-26.6584,-24.2564,-33.4374,18.9891,32.6519,68.884,0.018718,0.996664,0.0774217,0.0177868,350.683,232.996,21.5815,27.9216,0.283705
172,0,100016,-18.3138,-26.6599,-20.0523,-26.5976,-20.0896,-26.6584,-24.2564,-33.4374,18.9879,32.6561,68.8853,0.0186186,0.996403,0.0807357,0.0177614,350.683,232.996,21.5815,27.9216,0.283705
173,5,100033,-18.2741,-26.8165,-20.0703,-26.5847,-20.0986,-26.6502,-23.254,-33.9502,18.9876,32.6588,68.8892,0.0185244,0.996362,0.0813984,0.0171556,349.502,233.284,21.1824,26.2453,0.274296
174,7,100052,-17.9272,-27.2257,-19.9589,-26.5817,-19.9798,-26.6506,-22.3047,-34.3299,18.9864,32.6614,68.8879,0.0185775,0.99621,0.0832423,0.017094,348.341,233.532,20.5372,25.9555,0.300983
175,8,100046,-18.0166,-26.9837,-19.9589,-26.5817,-19.9798,-26.6506,-22.3047,-34.3299,18.9873,32.6624,68.8943,0.0184302,0.996319,0.082061,0.0165498,348.341,233.532,20.5372,25.9555,0.300983
176,7,100085,-17.911,-27.1573,-18.789,-26.6557,-18.8135,-26.719,-21.5326,-33.7482,18.9817,32.6659,68.8919,0.0182022,0.996292,0.0827145,0.0151738,347.435,232.858,21.1826,26.0825,0.31537
177,8,100076,-17.6992,-27.79,-18.789,-26.6557,-18.8135,-26.719,-21.5326,-33.7482,18.9843,32.6694,68.8919,0.0185363,0.996009,0.0857484,0.0164264,347.435,232.858,21.1826,26.0825,0.31537
178,5,100127,-17.4497,-27.3773,-19.1427,-26.6202,-19.156,-26.6904,-20.6274,-34.4896,18.9809,32.669,68.8907,0.0185361,0.996208,0.083684,0.0149306,346.365,233.479,20.2078,25.3658,0.236363
179,5,100127,-17.7086,-27.1388,-19.1427,-26.6202,-19.156,-26.6904,-20.6274,-34.4896,18.9728,32.6688,68.8879,0.018255,0.996331,0.0824936,0.0136163,346.365,233.479,20.2078,25.3658,0.236363
180,5,100173,-16.6492,-27.0825,-18.386,-26.6581,-18.3939,-26.7285,-19.2644,-34.5424,18.9727,32.6692,68.8768,0.0183057,0.996375,0.0820035,0.013294,344.764,233.401,20.5501,25.6813,0.143987
181,5,100173,-16.6931,-26.8843,-18.386,-26.6581,-18.3939,-26.7285,-19.2644,-34.5424,18.97,32.6673,68.8685,0.0185865,0.996444,0.081129,0.0131125,344.764,233.401,20.5501,25.6813,0.143987
182,0,100196,-16.5149,-26.791,-18.386,-26.6581,-18.3939,-26.7285,-19.2644,-34.5424,18.9679,32.6665,68.8465,0.0186372,0.996487,0.0806389,0.0127901,344.764,233.401,20.5501,25.6813,0.143987
183,8,100196,-16.2088,-26.8039,-17.2541,-26.7258,-17.2623,-26.7923,-18.1759,-34.1492,18.9679,32.6665,68.8465,0.0186372,0.996487,0.0806389,0.0127901,343.464,232.931,20.8059,26.2815,0.119963
184,7,100235,-15.0743,-27.1546,-17.2406,-26.7257,-17.2481,-26.7925,-18.0834,-34.184,18.9642,32.6577,68.8736,0.01845,0.996363,0.0821333,0.0132127,343.352,232.926,21.2175,25.9524,0.121506
185,8,100226,-15.1059,-26.7451,-17.2406,-26.7257,-17.2481,-26.7925,-18.0834,-34.184,18.9665,32.6566,68.8726,0.0189321,0.996507,0.0802883,0.0130365,343.352,232.926,21.2175,25.9524,0.121506
186,5,100269,-13.7785,-26.7305,-19.7244,-26.5377,-19.7005,-26.6286,-17.0441,-36.7496,18.9646,32.6544,68.8896,0.0187234,0.99655,0.0799118,0.0122843,341.96,235.138,24.4544,25.6916,0.345819
187,8,100266,-13.9021,-27.5026,-19.7244,-26.5377,-19.7005,-26.6286,-17.0441,-36.7496,18.9595,32.6466,68.9077,0.0182628,0.996236,0.0836275,0.0136351,341.96,235.138,24.4544,25.6916,0.345819
188,0,100296,-13.7936,-26.655,-19.7244,-26.5377,-19.7005,-26.6286,-17.0441,-36.7496,18.9614,32.6509,68.9166,0.0185147,0.996593,0.0795352,0.0115322,341.96,235.138,24.4544,25.6916,0.345819
189,5,100312,-13.4473,-26.7339,-17.5554,-26.6798,-17.5418,-26.7583,-16.0335,-35.4621,18.9619,32.6516,68.915,0.0185501,0.996563,0.079853,0.0118568,340.749,233.896,22.3495,25.2203,0.276203
190,8,100316,-13.4798,-26.8012,-17.5554,-26.6798,-17.5418,-26.7583,-16.0335,-35.4621,18.9636,32.6546,68.9085,0.0185855,0.996533,0.0801707,0.0121814,340.749,233.896,22.3495,25.2203,0.276203
191,0,100326,-12.8807,-26.7933,-17.5554,-26.6798,-17.5418,-26.7583,-16.0335,-35.4621,18.9665,32.6553,68.9077,0.0186126,0.996531,0.0800527,0.0130911,340.749,233.896,22.3495,25.2203,0.276203
192,0,100346,-12.5365,-27.3,-17.5554,-26.6798,-17.5418,-26.7583,-16.0335,-35.4621,18.9691,32.6607,68.9058,0.018257,0.996348,0.0823008,0.0135594,340.749,233.896,22.3495,25.2203,0.276203
193,8,100346,-12.3241,-27.3089,-14.9368,-26.8484,-14.9335,-26.913,-14.5603,-34.0334,18.9691,32.6607,68.9058,0.018257,0.996348,0.0823008,0.0135594,338.995,232.435,20.6337,25.0695,0.184003
194,0,100366,-12.2714,-27.9932,-14.9368,-26.8484,-14.9335,-26.913,-14.5603,-34.0334,18.9779,32.6661,68.8723,0.018112,0.996087,0.0854264,0.0136298,338.995,232.435,20.6337,25.0695,0.184003
195,5,100386,-10.9689,-27.8386,-13.9311,-26.9053,-13.9255,-26.9677,-13.3172,-33.8211,18.9821,32.6631,68.8898,0.0183363,0.996134,0.0845687,0.0151349,337.476,232.163,20.6,25.4863,0.139026
196,8,100376,-11.0776,-27.7528,-13.9311,-26.9053,-13.9255,-26.9677,-13.3172,-33.8211,18.9841,32.6643,68.8738,0.0184789,0.996148,0.0842224,0.0159612,337.476,232.163,20.6,25.4863,0.139026
197,8,100396,-10.9203,-27.6249,-13.9311,-26.9053,-13.9255,-26.9677,-13.3172,-33.8211,18.9904,32.6571,68.9248,0.0185605,0.996178,0.0837108,0.0166401,337.476,232.163,20.6,25.4863,0.139026
198,0,100416,-10.0365,-26.9798,-13.9311,-26.9053,-13.9255,-26.9677,-13.3172,-33.8211,18.9973,32.6537,68.9325,0.0186267,0.996384,0.080636,0.0192242,337.476,232.163,20.6,25.4863,0.139026
199,0,100426,-9.52934,-26.94,-13.9311,-26.9053,-13.9255,-26.9677,-13.3172,-33.8211,18.9999,32.6536,68.9321,0.0188071,0.996381,0.0804008,0.0201577,337.476,232.163,20.6,25.4863,0.139026
200,8,100466,-9.71922,-25.7623,-34.7922,-25.9442,-34.9829,-25.9669,-58.2176,-28.7285,19.0089,32.652,68.8926,0.0185553,0.996914,0.074654,0.0156217,387.21,237.514,39.9283,57.4218,-0.416556
201,0,100496,-9.59083,-26.1328,-34.7922,-25.9442,-34.9829,-25.9669,-58.2176,-28.7285,19.0228,32.6488,68.897,0.0190706,0.99679,0.0764187,0.014373,387.21,237.514,39.9283,57.4218,-0.416556
202,5,100581,-7.94368,-26.5485,-9.52744,-27.1478,-9.50698,-27.2025,-7.26868,-33.1924,19.0293,32.6495,68.8908,0.0188596,0.996688,0.0779758,0.0132931,329.96,231.225,21.2379,25.4086,0.0188693
203,5,100581,-7.91882,-26.7011,-9.52744,-27.1478,-9.50698,-27.2025,-7.26868,-33.1924,19.0343,32.6541,68.8757,0.0189122,0.996632,0.0786587,0.0134221,329.96,231.225,21.2379,25.4086,0.0188693
204,5,100602,-7.24663,-26.6515,-9.69255,-27.1248,-9.66177,-27.1853,-6.28973,-33.8149,19.0325,32.6534,68.8776,0.0189926,0.996659,0.0783004,0.0133851,328.777,231.928,19.5908,26.6998,-0.0692686
205,8,100596,-7.43474,-26.3831,-9.69255,-27.1248,-9.66177,-27.1853,-6.28973,-33.8149,19.0309,32.6567,68.8647,0.0188071,0.996759,0.0770307,0.0135855,328.777,231.928,19.5908,26.6998,-0.0692686
206,5,100637,-6.72818,-26.4638,-8.67666,-27.1858,-8.64643,-27.2425,-5.33873,-33.4491,19.0289,32.658,68.8626,0.0188895,0.996738,0.0772672,0.01363,327.535,231.439,19.9343,24.6323,-0.0111261
207,8,100636,-6.94592,-26.2476,-8.67666,-27.1858,-8.64643,-27.2425,-5.33873,-33.4491,19.0271,32.6554,68.8679,0.0189679,0.996812,0.076314,0.0135114,327.535,231.439,19.9343,24.6323,-0.0111261
208,5,100672,-5.9637,-26.2994,-7.9824,-27.2187,-7.94561,-27.2763,-3.91913,-33.5815,19.0256,32.6585,68.865,0.0189378,0.996803,0.0763485,0.0139835,325.846,231.625,20.3348,26.3621,-0.186644
209,8,100666,-6.48503,-26.5259,-7.9824,-27.2187,-7.94561,-27.2763,-3.91913,-33.5815,19.0261,32.6599,68.8595,0.0189719,0.996718,0.0775037,0.0136744,325.846,231.625,20.3348,26.3621,-0.186644
210,5,100715,-5.86209,-26.594,-7.50905,-27.2484,-7.47356,-27.3038,-3.59233,-33.3533,19.0258,32.6589,68.866,0.018991,0.996695,0.0777229,0.0140337,325.373,231.403,20.0437,26.1913,-0.0873507
211,5,100715,-5.78116,-26.4773,-7.50905,-27.2484,-7.47356,-27.3038,-3.59233,-33.3533,19.0239,32.6599,68.873,0.018959,0.996734,0.0771625,0.0144243,325.373,231.403,20.0437,26.1913,-0.0873507
212,0,100727,-5.5036,-26.6438,-7.50905,-27.2484,-7.47356,-27.3038,-3.59233,-33.3533,19.0246,32.6549,68.8924,0.0190102,0.996673,0.0779421,0.0143929,325.373,231.403,20.0437,26.1913,-0.0873507
213,0,100746,-5.51409,-26.0036,-7.50905,-27.2484,-7.47356,-27.3038,-3.59233,-33.3533,19.0182,32.6497,68.9171,0.0185671,0.996929,0.0749037,0.013304,325.373,231.403,20.0437,26.1913,-0.0873507
214,8,100746,-5.36825,-26.0097,-6.42576,-27.2976,-6.37838,-27.3551,-1.19141,-33.6521,19.0182,32.6497,68.9171,0.0185671,0.996929,0.0749037,0.013304,322.276,231.646,21.656,25.7209,0.0147821
215,0,100776,-4.68057,-26.3593,-6.42576,-27.2976,-6.37838,-27.3551,-1.19141,-33.6521,19.0136,32.6438,68.9161,0.0184245,0.99681,0.0764601,0.0135451,322.276,231.646,21.656,25.7209,0.0147821
216,8,100776,-4.52596,-26.3658,-5.88999,-27.3246,-5.83887,-27.3821,-0.240598,-33.6824,19.0136,32.6438,68.9161,0.0184245,0.99681,0.0764601,0.0135451,321.157,231.728,20.4565,25.77,-0.135347
217,0,100796,-3.92784,-27.2253,-5.88999,-27.3246,-5.83887,-27.3821,-0.240598,-33.6824,19.0068,32.6357,68.9339,0.018412,0.996451,0.0805383,0.0161374,321.157,231.728,20.4565,25.77,-0.135347
218,0,100816,-3.29407,-26.709,-5.88999,-27.3246,-5.83887,-27.3821,-0.240598,-33.6824,19.0028,32.6301,68.9512,0.0184943,0.996609,0.078092,0.0181894,321.157,231.728,20.4565,25.77,-0.135347
219,5,100828,-3.06957,-26.6287,-5.43073,-27.3434,-5.37301,-27.4026,0.95336,-33.8966,18.9995,32.6264,68.9653,0.0184573,0.996646,0.0776918,0.0179091,319.583,231.951,20.6207,25.3658,-0.0127501
220,8,100826,-3.23553,-26.6544,-5.43073,-27.3434,-5.37301,-27.4026,0.95336,-33.8966,18.9988,32.6244,68.9709,0.0183793,0.996642,0.0778489,0.0175241,319.583,231.951,20.6207,25.3658,-0.0127501
221,0,100846,-2.91954,-26.5476,-5.43073,-27.3434,-5.37301,-27.4026,0.95336,-33.8966,18.9972,32.6239,68.9747,0.0184202,0.996683,0.0772915,0.0176287,319.583,231.951,20.6207,25.3658,-0.0127501
222,0,100866,-3.10976,-27.1663,-5.43073,-27.3434,-5.37301,-27.4026,0.95336,-33.8966,18.9922,32.6246,68.9751,0.01787,0.996495,0.0801637,0.0158569,319.583,231.951,20.6207,25.3658,-0.0127501
223,5,100979,-0.802138,-26.7191,-2.66107,-27.4889,-2.58872,-27.5458,5.35928,-33.8001,18.9964,32.6419,68.9352,0.0182522,0.996653,0.0775306,0.0183875,314.198,232.061,21.3146,26.4432,-0.28414
224,8,100976,-0.910423,-26.8438,-2.66107,-27.4889,-2.58872,-27.5458,5.35928,-33.8001,18.9969,32.6405,68.9431,0.0181816,0.996607,0.0781521,0.0183537,314.198,232.061,21.3146,26.4432,-0.28414
225,0,100996,-0.523052,-26.7128,-2.66107,-27.4889,-2.58872,-27.5458,5.35928,-33.8001,18.9972,32.6391,68.9449,0.0182845,0.996659,0.077469,0.0183185,314.198,232.061,21.3146,26.4432,-0.28414
226,8,101046,0.458428,-27.1285,0.0823798,-27.6433,0.161205,-27.6939,8.8344,-33.2628,18.9968,32.628,68.9468,0.0182224,0.996524,0.0792976,0.0178998,309.769,231.793,20.6108,26.1614,-0.131202
227,0,101067,0.457401,-26.9427,0.0823798,-27.6433,0.161205,-27.6939,8.8344,-33.2628,18.9967,32.6255,68.9528,0.0182645,0.996592,0.0784428,0.0178082,309.769,231.793,20.6108,26.1614,-0.131202
228,0,101077,1.1551,-27.0759,0.0823798,-27.6433,0.161205,-27.6939,8.8344,-33.2628,18.9963,32.6236,68.953,0.0183586,0.996523,0.0789736,0.0191579,309.769,231.793,20.6108,26.1614,-0.131202
229,0,101097,1.81669,-27.0853,0.0823798,-27.6433,0.161205,-27.6939,8.8344,-33.2628,18.9983,32.6196,68.9613,0.0185744,0.996484,0.0789568,0.0210122,309.769,231.793,20.6108,26.1614,-0.131202
230,8,101417,4.87376,-27.1162,6.20103,-27.9764,6.30232,-28.0171,17.5633,-32.5506,19.0405,32.6355,68.8728,0.0184751,0.996768,0.077099,0.0129632,299.178,232.105,20.641,27.3372,-0.19409
231,7,101451,5.41186,-26.9099,7.41673,-28.0446,7.52079,-28.0827,19.1157,-32.3187,19.0384,32.6353,68.8842,0.0182764,0.996857,0.076032,0.0126986,297.301,232.101,20.5443,27.2264,-0.148387
232,8,101447,5.59556,-27.1828,7.41673,-28.0446,7.52079,-28.0827,19.1157,-32.3187,19.0373,32.6371,68.8827,0.0183878,0.996747,0.0772772,0.013634,297.301,232.101,20.5443,27.2264,-0.148387
233,0,101467,5.37671,-26.6777,7.41673,-28.0446,7.52079,-28.0827,19.1157,-32.3187,19.0341,32.6348,68.9085,0.0180777,0.996945,0.074965,0.012434,297.301,232.101,20.5443,27.2264,-0.148387
234,0,101477,6.17659,-26.6612,7.41673,-28.0446,7.52079,-28.0827,19.1157,-32.3187,19.0358,32.6374,68.8753,0.0185511,0.996936,0.074695,0.0139786,297.301,232.101,20.5443,27.2264,-0.148387
235,5,101494,6.52662,-26.7489,7.01443,-28.0255,7.11498,-28.0631,18.2987,-32.2448,19.0354,32.6425,68.8651,0.018517,0.996915,0.0749963,0.0138725,298.295,231.842,20.94,26.1916,-0.221619
236,8,101577,8.30043,-26.8893,7.35885,-28.0202,7.47842,-28.0664,20.8795,-33.2427,19.0354,32.6435,68.8631,0.0184828,0.996895,0.0752977,0.0137665,295.317,233.196,19.3102,25.7307,-0.207738
237,0,101617,8.38927,-26.9983,7.35885,-28.0202,7.47842,-28.0664,20.8795,-33.2427,19.0403,32.6358,68.8679,0.0185988,0.996864,0.0758357,0.012834,295.317,233.196,19.3102,25.7307,-0.207738
238,8,101777,12.2936,-28.2463,12.2076,-28.3106,12.3246,-28.339,25.5032,-31.5389,19.0472,32.6402,68.8672,0.018449,0.99652,0.0801992,0.013294,290.012,232.396,21.1284,27.6297,-0.299312
239,0,101797,12.5111,-28.4174,12.2076,-28.3106,12.3246,-28.339,25.5032,-31.5389,19.0472,32.6414,68.8686,0.018434,0.996459,0.0808639,0.0137973,290.012,232.396,21.1284,27.6297,-0.299312
240,0,101817,12.9222,-28.2085,12.2076,-28.3106,12.3246,-28.339,25.5032,-31.5389,19.0458,32.6418,68.8714,0.0183157,0.996564,0.0795497,0.0140516,290.012,232.396,21.1284,27.6297,-0.299312
241,5,101828,13.2991,-28.2356,14.3544,-28.4236,14.4813,-28.45,28.9031,-31.4565,19.046,32.6376,68.871,0.0183069,0.996577,0.079631,0.0125454,286.166,232.994,20.6019,27.6574,-0.17314
242,8,101827,13.2742,-28.2977,14.3544,-28.4236,14.4813,-28.45,28.9031,-31.4565,19.046,32.6431,68.8737,0.0183396,0.996545,0.079887,0.0133898,286.166,232.994,20.6019,27.6574,-0.17314
243,8,101877,14.8609,-28.5052,14.7437,-28.4346,14.8791,-28.4643,30.3356,-31.8469,19.046,32.6367,68.8709,0.018298,0.996589,0.0797121,0.0110391,284.669,233.625,20.2399,27.272,-0.217732
244,0,101897,15.1868,-28.3403,14.7437,-28.4346,14.8791,-28.4643,30.3356,-31.8469,19.0449,32.6352,68.8721,0.0185102,0.996646,0.0788157,0.0119346,284.669,233.625,20.2399,27.272,-0.217732
245,0,101917,15.7157,-27.8101,14.7437,-28.4346,14.8791,-28.4643,30.3356,-31.8469,19.0423,32.6334,68.8668,0.018621,0.996857,0.0760462,0.0120697,284.669,233.625,20.2399,27.272,-0.217732
246,8,101917,16.5843,-27.9889,16.7354,-28.5508,16.8717,-28.5744,32.5076,-31.2826,19.0423,32.6334,68.8668,0.018621,0.996857,0.0760462,0.0120697,282.343,233.611,19.9715,28.409,-0.232384
247,0,101947,17.4434,-27.6976,16.7354,-28.5508,16.8717,-28.5744,32.5076,-31.2826,19.0406,32.6335,68.851,0.0185897,0.99698,0.0745048,0.0115525,282.343,233.611,19.9715,28.409,-0.232384
248,5,101962,18.3835,-27.8311,17.3731,-28.582,17.5139,-28.6059,33.7223,-31.3598,19.0403,32.6341,68.8511,0.0185271,0.996951,0.0749557,0.0113088,281.029,233.941,20.24,28.2225,-0.167255
249,8,101967,18.0045,-27.9113,17.3731,-28.582,17.5139,-28.6059,33.7223,-31.3598,19.0395,32.6356,68.8515,0.0184644,0.996921,0.0754066,0.0110651,281.029,233.941,20.24,28.2225,-0.167255
250,0,101977,19.4931,-28.088,17.3731,-28.582,17.5139,-28.6059,33.7223,-31.3598,19.0376,32.6351,68.8513,0.0183271,0.996871,0.075966,0.0118995,281.029,233.941,20.24,28.2225,-0.167255
251,0,102017,20.9395,-28.0765,17.3731,-28.582,17.5139,-28.6059,33.7223,-31.3598,19.0356,32.6411,68.8559,0.0185455,0.996874,0.075531,0.0138863,281.029,233.941,20.24,28.2225,-0.167255
252,5,104834,9.00212,-26.9186,14.8964,-28.4745,15.0097,-28.492,27.8132,-30.4679,18.9943,32.6026,68.9419,0.0190902,0.99656,0.0783153,0.0192421,287.264,231.844,21.8223,27.7642,-0.119898
253,0,104849,9.22606,-27.1162,14.8964,-28.4745,15.0097,-28.492,27.8132,-30.4679,18.9973,32.6102,68.9518,0.0193535,0.996456,0.0791506,0.0208713,287.264,231.844,21.8223,27.7642,-0.119898
254,8,104999,6.5447,-26.2377,5.84509,-27.9588,5.94372,-27.9995,16.895,-32.5123,19.0063,32.6051,68.8921,0.0188286,0.996793,0.0755745,0.0183892,299.987,231.904,21.3126,26.3698,-0.243829
255,8,105009,6.66599,-26.3908,5.84509,-27.9588,5.94372,-27.9995,16.895,-32.5123,19.0031,32.5874,68.9579,0.0189086,0.996713,0.0764435,0.0190498,299.987,231.904,21.3126,26.3698,-0.243829
256,0,105029,6.10185,-26.4095,5.84509,-27.9588,5.94372,-27.9995,16.895,-32.5123,19.0045,32.5863,68.9597,0.0187076,0.996715,0.0766546,0.0182547,299.987,231.904,21.3126,26.3698,-0.243829
257,8,105029,5.96416,-26.4035,5.41722,-27.9375,5.51285,-27.9781,16.1158,-32.4782,19.0045,32.5863,68.9597,0.0187076,0.996715,0.0766546,0.0182547,300.898,231.82,21.5932,27.3078,-0.194952
258,0,105051,5.87973,-26.2491,5.41722,-27.9375,5.51285,-27.9781,16.1158,-32.4782,19.0063,32.5854,68.9621,0.0187559,0.996775,0.0759439,0.0179211,300.898,231.82,21.5932,27.3078,-0.194952
259,0,105060,5.64826,-26.1476,5.41722,-27.9375,5.51285,-27.9781,16.1158,-32.4782,19.006,32.5889,68.9494,0.0189359,0.996791,0.0754861,0.01872,300.898,231.82,21.5932,27.3078,-0.194952
260,8,105060,5.5382,-26.1427,7.99205,-28.0973,8.08219,-28.1262,18.0805,-31.3298,19.006,32.5889,68.9494,0.0189359,0.996791,0.0754861,0.01872,298.512,230.946,22.1873,27.1538,-0.218875
261,8,105079,5.53168,-26.0804,7.99205,-28.0973,8.08219,-28.1262,18.0805,-31.3298,19.0056,32.5926,68.9438,0.0187432,0.99682,0.0751675,0.0186525,298.512,230.946,22.1873,27.1538,-0.218875
262,0,105099,5.12016,-26.6302,7.99205,-28.0973,8.08219,-28.1262,18.0805,-31.3298,19.0059,32.5973,68.945,0.018841,0.996622,0.0778108,0.0183111,298.512,230.946,22.1873,27.1538,-0.218875
263,8,105150,3.44332,-26.8797,6.38639,-27.99,6.48568,-28.0291,17.519,-32.3757,19.0049,32.6184,68.9357,0.0185552,0.99657,0.079133,0.0155575,299.224,231.949,21.3657,27.9889,-0.190934
264,8,105160,3.91591,-27.0626,6.38639,-27.99,6.48568,-28.0291,17.519,-32.3757,19.0012,32.6149,68.9669,0.0188227,0.996456,0.0799808,0.0179868,299.224,231.949,21.3657,27.9889,-0.190934
265,0,105180,3.16201,-26.7722,6.38639,-27.99,6.48568,-28.0291,17.519,-32.3757,18.995,32.6211,68.9742,0.0183292,0.996574,0.0787242,0.0175147,299.224,231.949,21.3657,27.9889,-0.190934
266,0,105200,2.87582,-26.2329,6.38639,-27.99,6.48568,-28.0291,17.519,-32.3757,18.9951,32.6256,68.967,0.0186166,0.996765,0.076167,0.0176388,299.224,231.949,21.3657,27.9889,-0.190934
267,8,105230,1.8449,-26.7007,5.23886,-27.9504,5.31674,-27.9825,13.9009,-31.5251,18.9955,32.6108,69.0061,0.0186084,0.996639,0.0776966,0.0181066,303.628,230.721,21.4992,29.5651,-0.29134
268,0,105260,1.57796,-27.4259,5.23886,-27.9504,5.31674,-27.9825,13.9009,-31.5251,18.9992,32.6058,68.9659,0.0194253,0.996331,0.0810486,0.0194398,303.628,230.721,21.4992,29.5651,-0.29134
269,0,105280,0.99364,-27.7628,5.23886,-27.9504,5.31674,-27.9825,13.9009,-31.5251,18.9982,32.6011,68.9651,0.0189537,0.996245,0.0825604,0.0179228,303.628,230.721,21.4992,29.5651,-0.29134
270,5,105319,-0.108572,-27.106,1.87646,-27.7487,1.95607,-27.7934,10.7212,-32.7198,18.9979,32.5997,68.9562,0.018999,0.99648,0.0797047,0.0176947,307.437,231.491,22.033,28.0534,-0.142425
271,5,105319,-0.0558653,-26.483,1.87646,-27.7487,1.95607,-27.7934,10.7212,-32.7198,18.9981,32.5969,68.9262,0.0190647,0.996706,0.0767656,0.017926,307.437,231.491,22.033,28.0534,-0.142425
272,0,105330,0.0158603,-26.5032,1.87646,-27.7487,1.95607,-27.7934,10.7212,-32.7198,18.9966,32.5948,68.9246,0.0190441,0.996708,0.0768483,0.0174663,307.437,231.491,22.033,28.0534,-0.142425
273,0,105350,-0.25344,-26.6812,1.87646,-27.7487,1.95607,-27.7934,10.7212,-32.7198,18.9928,32.5981,68.9029,0.0190269,0.996647,0.0777009,0.0171898,307.437,231.491,22.033,28.0534,-0.142425
274,5,105399,-1.64695,-26.9178,-0.317806,-27.6213,-0.240368,-27.6727,8.27663,-33.3159,18.9835,32.6102,68.9223,0.0187687,0.996563,0.0786676,0.0179233,310.532,231.9,22.4849,28.9541,-0.209138
275,8,105400,-1.46352,-27.0807,-0.317806,-27.6213,-0.240368,-27.6727,8.27663,-33.3159,18.981,32.6147,68.9224,0.0186208,0.996496,0.0793971,0.0185584,310.532,231.9,22.4849,28.9541,-0.209138
276,0,105410,-2.07539,-27.3614,-0.317806,-27.6213,-0.240368,-27.6727,8.27663,-33.3159,18.9806,32.6178,68.9238,0.0186698,0.996405,0.0804863,0.0186993,310.532,231.9,22.4849,28.9541,-0.209138
277,8,105500,-4.54158,-27.1533,-5.00019,-27.3681,-4.94185,-27.4262,1.45336,-33.7898,18.964,32.634,68.8943,0.018584,0.996566,0.0795369,0.0136078,318.995,231.983,21.9402,28.2366,-0.0737507
278,8,105510,-4.77793,-26.8296,-5.00019,-27.3681,-4.94185,-27.4262,1.45336,-33.7898,18.9596,32.6402,68.8747,0.018281,0.996713,0.0779464,0.0123758,318.995,231.983,21.9402,28.2366,-0.0737507
279,0,105530,-5.11974,-27.3602,-5.00019,-27.3681,-4.94185,-27.4262,1.45336,-33.7898,18.9571,32.6355,68.844,0.0184185,0.996503,0.0805386,0.0125086,318.995,231.983,21.9402,28.2366,-0.0737507
280,5,105545,-5.58579,-27.2402,-6.26255,-27.2908,-6.20239,-27.3542,0.39797,-34.307,18.9569,32.6314,68.8588,0.0183201,0.996556,0.0800642,0.0114446,320.3,232.406,22.3914,27.3364,-0.027339
281,8,105550,-5.70114,-27.1185,-6.26255,-27.2908,-6.20239,-27.3542,0.39797,-34.307,18.9562,32.6189,68.9034,0.0182217,0.996607,0.0795897,0.0103806,320.3,232.406,22.3914,27.3364,-0.027339
282,4,105561,-6.0923,-26.7882,-6.94291,-27.2562,-6.88724,-27.3197,-0.781457,-34.2825,18.9559,32.6172,68.9073,0.0182984,0.996723,0.0781239,0.0102085,321.791,232.372,22.461,27.6053,-0.031098
283,4,105580,-6.54663,-27.1082,-6.40532,-27.2835,-6.34609,-27.3469,0.152158,-34.3027,18.9519,32.6115,68.9136,0.0177315,0.99662,0.0796857,0.0092064,320.61,232.399,22.4059,27.3924,-0.0281221
284,8,105580,-6.87587,-27.0953,-7.38976,-27.2336,-7.33714,-27.2971,-1.56699,-34.2609,18.9519,32.6115,68.9136,0.0177315,0.99662,0.0796857,0.0092064,322.785,232.349,22.5074,27.7846,-0.0336041
285,0,105600,-6.85886,-27.306,-7.38976,-27.2336,-7.33714,-27.2971,-1.56699,-34.2609,18.9514,32.6098,68.9091,0.0177711,0.996535,0.0806962,0.00949391,322.785,232.349,22.5074,27.7846,-0.0336041
286,0,105610,-7.32239,-27.0648,-7.38976,-27.2336,-7.33714,-27.2971,-1.56699,-34.2609,18.9518,32.6016,68.9475,0.0177478,0.996611,0.0797342,0.00969916,322.785,232.349,22.5074,27.7846,-0.0336041
287,8,105610,-7.57823,-27.0547,-8.0833,-27.1962,-8.03364,-27.2606,-2.58816,-34.3259,18.9518,32.6016,68.9475,0.0177478,0.996611,0.0797342,0.00969916,324.123,232.424,22.3806,28.0947,-0.102092
288,0,105630,-7.74745,-27.2894,-8.0833,-27.1962,-8.03364,-27.2606,-2.58816,-34.3259,18.9508,32.6023,68.944,0.0176402,0.99652,0.0808604,0.00994948,324.123,232.424,22.3806,28.0947,-0.102092
289,5,105663,-9.03597,-27.1797,-8.47241,-27.1689,-8.41952,-27.2363,-2.61435,-34.6339,18.953,32.6081,68.928,0.0179272,0.996534,0.0805742,0.0103058,324.112,232.699,21.7952,27.1738,-0.0357773
290,5,105663,-9.08433,-27.1419,-8.47241,-27.1689,-8.41952,-27.2363,-2.61435,-34.6339,18.9557,32.6137,68.9135,0.0179465,0.996554,0.0803495,0.0100528,324.112,232.699,21.7952,27.1738,-0.0357773
291,5,105685,-10.5067,-26.9633,-9.11695,-27.1293,-9.06304,-27.1994,-3.14142,-34.9039,18.9552,32.616,68.9188,0.0181542,0.996592,0.0797984,0.0103384,324.755,232.976,21.8472,27.3216,0.00259354
292,8,105680,-10.0349,-27.0902,-9.11695,-27.1293,-9.06304,-27.1994,-3.14142,-34.9039,18.9571,32.6193,68.8971,0.0182142,0.996548,0.0802879,0.0106622,324.755,232.976,21.8472,27.3216,0.00259354
293,0,105710,-10.5542,-26.8354,-9.11695,-27.1293,-9.06304,-27.1994,-3.14142,-34.9039,18.9572,32.6294,68.8962,0.0186295,0.996623,0.0791858,0.0112335,324.755,232.976,21.8472,27.3216,0.00259354
294,8,105710,-10.7667,-26.8266,-9.32769,-27.1228,-9.27848,-27.1913,-3.87549,-34.7131,18.9572,32.6294,68.8962,0.0186295,0.996623,0.0791858,0.0112335,325.718,232.75,22.1612,26.9013,-0.0598814
295,0,105730,-10.6385,-26.8709,-9.32769,-27.1228,-9.27848,-27.1913,-3.87549,-34.7131,18.956,32.638,68.8936,0.0186582,0.996599,0.0793445,0.0121051,325.718,232.75,22.1612,26.9013,-0.0598814
296,5,105753,-11.4058,-26.8494,-9.11907,-27.1475,-9.07943,-27.2105,-4.73425,-34.1144,18.9557,32.6383,68.894,0.0186377,0.996598,0.0793854,0.0119723,326.796,232.144,23.9874,27.8551,-0.0501343
297,8,105760,-11.1602,-26.8713,-9.11907,-27.1475,-9.07943,-27.2105,-4.73425,-34.1144,18.9547,32.6392,68.8952,0.0186173,0.996597,0.0794263,0.0118395,326.796,232.144,23.9874,27.8551,-0.0501343
298,5,105794,-12.1846,-27.0789,-10.3859,-27.0659,-10.3413,-27.1358,-5.44986,-34.8041,18.9537,32.6399,68.886,0.0184893,0.996503,0.080589,0.0120964,327.681,232.892,21.6643,27.2206,-0.0176243
299,8,105800,-12.0347,-27.3468,-10.3859,-27.0659,-10.3413,-27.1358,-5.44986,-34.8041,18.9479,32.6441,68.8336,0.0183612,0.996407,0.0817516,0.0123533,327.681,232.892,21.6643,27.2206,-0.0176243
300,5,105818,-12.9118,-26.7691,-9.63029,-27.1397,-9.60828,-27.1956,-7.19974,-33.3115,18.9493,32.6398,68.8398,0.0184885,0.996611,0.0792426,0.0120319,329.891,231.388,24.2486,28.0343,-0.0122678
301,0,105830,-12.8806,-26.227,-9.63029,-27.1397,-9.60828,-27.1956,-7.19974,-33.3115,18.9514,32.6333,68.8489,0.0186156,0.996809,0.0767332,0.0117105,329.891,231.388,24.2486,28.0343,-0.0122678
302,5,105953,-16.8853,-26.5373,-12.5761,-26.964,-12.5535,-27.0303,-10.0711,-34.3156,18.9556,32.6128,68.9233,0.0182404,0.996655,0.0790291,0.00998338,333.428,232.518,22.7658,27.429,0.104029
303,8,105950,-16.4389,-26.4186,-12.5761,-26.964,-12.5535,-27.0303,-10.0711,-34.3156,18.9557,32.6128,68.9318,0.0182796,0.996703,0.0784003,0.0100875,333.428,232.518,22.7658,27.429,0.104029
304,0,105980,-17.0348,-26.3613,-12.5761,-26.964,-12.5535,-27.0303,-10.0711,-34.3156,18.9589,32.6183,68.9123,0.0184103,0.996713,0.0782231,0.0102314,333.428,232.518,22.7658,27.429,0.104029
305,8,105980,-17.3942,-26.3466,-14.0888,-26.8783,-14.0694,-26.9481,-11.9367,-34.6369,18.9589,32.6183,68.9123,0.0184103,0.996713,0.0782231,0.0102314,335.735,232.913,22.5126,26.9857,0.145048
306,0,106000,-16.5272,-26.4012,-14.0888,-26.8783,-14.0694,-26.9481,-11.9367,-34.6369,18.9656,32.6319,68.8733,0.0190309,0.996623,0.0785219,0.0146878,335.735,232.913,22.5126,26.9857,0.145048
307,5,106019,-18.1624,-26.6803,-14.6418,-26.8509,-14.6267,-26.9204,-12.9635,-34.5832,18.9633,32.6344,68.8757,0.0190216,0.996509,0.0801096,0.0137756,337.001,232.986,22.0723,27.8009,0.153038
308,8,106010,-17.4452,-26.4118,-14.6418,-26.8509,-14.6267,-26.9204,-12.9635,-34.5832,18.9645,32.6321,68.8713,0.0190436,0.996613,0.0787348,0.0141878,337.001,232.986,22.0723,27.8009,0.153038
309,0,106050,-18.4706,-27.0167,-14.6418,-26.8509,-14.6267,-26.9204,-12.9635,-34.5832,18.9619,32.636,68.8772,0.0190123,0.996393,0.0816969,0.0128633,337.001,232.986,22.0723,27.8009,0.153038
310,5,106061,-19.6856,-27.0352,-18.0113,-26.6632,-18.0059,-26.7392,-17.4034,-35.1577,18.963,32.6358,68.8758,0.0190269,0.996359,0.082053,0.0132002,342.438,233.9,22.1689,27.8632,0.194178
311,8,106060,-19.203,-27.1465,-18.0113,-26.6632,-18.0059,-26.7392,-17.4034,-35.1577,18.964,32.6357,68.8772,0.019057,0.996315,0.0825104,0.0136466,342.438,233.9,22.1689,27.8632,0.194178
312,0,106080,-20.5204,-27.0699,-18.0113,-26.6632,-18.0059,-26.7392,-17.4034,-35.1577,18.9637,32.6357,68.8751,0.0190416,0.996325,0.082409,0.0135371,342.438,233.9,22.1689,27.8632,0.194178
313,8,106080,-21.1496,-27.0426,-17.4001,-26.713,-17.4052,-26.7816,-17.9662,-34.3739,18.9637,32.6357,68.8751,0.0190416,0.996325,0.082409,0.0135371,343.094,233.133,22.3572,27.4598,0.296259
314,0,106100,-21.0219,-26.8072,-17.4001,-26.713,-17.4052,-26.7816,-17.9662,-34.3739,18.9655,32.6343,68.8775,0.0191214,0.9964,0.0813467,0.0142893,343.094,233.133,22.3572,27.4598,0.296259
315,0,106110,-21.834,-26.4986,-17.4001,-26.713,-17.4052,-26.7816,-17.9662,-34.3739,18.9666,32.6331,68.8798,0.0191966,0.996493,0.0801103,0.0147107,343.094,233.133,22.3572,27.4598,0.296259
316,8,106110,-22.1022,-26.4868,-17.6722,-26.7012,-17.6807,-26.769,-18.6137,-34.2767,18.9666,32.6331,68.8798,0.0191966,0.996493,0.0801103,0.0147107,343.978,233.118,21.3119,26.8725,0.14384
317,0,106130,-22.476,-26.3124,-17.6722,-26.7012,-17.6807,-26.769,-18.6137,-34.2767,18.9652,32.6276,68.8853,0.0186848,0.996597,0.0791965,0.0131811,343.978,233.118,21.3119,26.8725,0.14384
318,5,106152,-23.1435,-26.2958,-17.9344,-26.687,-17.9438,-26.7551,-18.9929,-34.3046,18.9662,32.6245,68.8873,0.0186819,0.996597,0.0792516,0.0128052,344.335,233.191,22.136,27.7859,0.302301
319,8,106160,-23.0122,-26.3043,-17.9344,-26.687,-17.9438,-26.7551,-18.9929,-34.3046,18.969,32.616,68.8929,0.018679,0.996598,0.0793068,0.0124293,344.335,233.191,22.136,27.7859,0.302301
320,0,106180,-23.3012,-26.9805,-17.9344,-26.687,-17.9438,-26.7551,-18.9929,-34.3046,18.9691,32.6101,68.8896,0.0190807,0.996308,0.0827128,0.0128137,344.335,233.191,22.136,27.7859,0.302301
321,5,106196,-23.5315,-26.8206,-18.7595,-26.6417,-18.7718,-26.7111,-20.1349,-34.4182,18.9692,32.6105,68.8902,0.0191191,0.996363,0.0820234,0.0129699,345.792,233.388,21.3353,26.4593,0.193437
322,8,106200,-23.4202,-26.677,-18.7595,-26.6417,-18.7718,-26.7111,-20.1349,-34.4182,18.9694,32.612,68.8927,0.0191575,0.996416,0.081334,0.0131262,345.792,233.388,21.3353,26.4593,0.193437
323,0,106210,-23.9729,-26.8049,-18.7595,-26.6417,-18.7718,-26.7111,-20.1349,-34.4182,18.9665,32.6099,68.8923,0.0191441,0.996378,0.0819876,0.0119299,345.792,233.388,21.3353,26.4593,0.193437
324,8,106210,-24.0497,-26.8016,-19.5608,-26.5995,-19.5772,-26.6694,-21.4048,-34.4484,18.9665,32.6099,68.8923,0.0191441,0.996378,0.0819876,0.0119299,347.254,233.588,21.6462,27.3317,0.288417
325,0,106230,-24.3053,-26.2149,-19.5608,-26.5995,-19.5772,-26.6694,-21.4048,-34.4484,18.9585,32.6171,68.8953,0.0183873,0.996652,0.0789515,0.0106209,347.254,233.588,21.6462,27.3317,0.288417
326,5,106253,-24.4095,-26.0068,-18.6336,-26.6669,-18.6596,-26.7289,-21.5478,-33.6124,18.9587,32.6192,68.8915,0.0185743,0.996712,0.0780566,0.0112474,347.435,232.773,22.2736,27.5343,0.327164
327,8,106260,-24.2058,-25.8199,-18.6336,-26.6669,-18.6596,-26.7289,-21.5478,-33.6124,18.9593,32.6259,68.8791,0.0187614,0.996771,0.0771616,0.0118738,347.435,232.773,22.2736,27.5343,0.327164
328,7,106285,-24.4414,-26.3283,-20.5743,-26.5549,-20.6026,-26.622,-23.7618,-34.1138,18.9586,32.6329,68.8814,0.0189473,0.99657,0.0796295,0.0121772,350.015,233.541,21.3567,27.353,0.385148
329,8,106280,-24.4376,-25.7395,-20.5743,-26.5549,-20.6026,-26.622,-23.7618,-34.1138,18.9594,32.629,68.8818,0.0189516,0.99679,0.0768609,0.0119831,350.015,233.541,21.3567,27.353,0.385148
330,0,106323,-24.891,-26.8249,-20.5743,-26.5549,-20.6026,-26.622,-23.7618,-34.1138,18.9581,32.6375,68.8829,0.0191331,0.996363,0.082097,0.0124805,350.015,233.541,21.3567,27.353,0.385148
331,5,106348,-25.1616,-26.5765,-23.9927,-26.3736,-24.0372,-26.4433,-29.0555,-34.3046,18.9588,32.6391,68.8885,0.0191387,0.99646,0.0809553,0.0121679,356.112,234.469,20.1055,26.7898,0.469679
332,0,106361,-25.1572,-26.3418,-23.9927,-26.3736,-24.0372,-26.4433,-29.0555,-34.3046,18.9602,32.642,68.8992,0.0191443,0.996555,0.0798135,0.0118552,356.112,234.469,20.1055,26.7898,0.469679
333,5,106387,-25.351,-26.4894,-23.8845,-26.3962,-23.9413,-26.4592,-30.3535,-33.5706,18.9597,32.6398,68.8959,0.0191173,0.996487,0.0805904,0.0123826,357.662,233.957,21.2812,26.5915,0.429453
334,0,106400,-25.2263,-26.6477,-23.8845,-26.3962,-23.9413,-26.4592,-30.3535,-33.5706,18.9586,32.6352,68.8892,0.0190903,0.996418,0.0813672,0.0129099,357.662,233.957,21.2812,26.5915,0.429453
335,5,106419,-25.8462,-26.1201,-23.7832,-26.4012,-23.8393,-26.4643,-30.1666,-33.5798,18.9581,32.6323,68.8881,0.0190514,0.996625,0.0789479,0.0119187,357.434,233.994,21.0251,27.598,0.414951
336,0,106430,-25.8306,-25.6178,-23.7832,-26.4012,-23.8393,-26.4643,-30.1666,-33.5798,18.9573,32.6274,68.8862,0.0190125,0.996826,0.076528,0.0109274,357.434,233.994,21.0251,27.598,0.414951
337,5,106445,-26.1216,-25.9141,-25.1931,-26.3057,-25.24,-26.3779,-30.5478,-34.5537,18.957,32.6238,68.8959,0.0187637,0.996719,0.0779586,0.0109914,357.813,234.967,21.8176,27.6075,0.424982
338,8,106450,-26.0231,-26.2138,-25.1931,-26.3057,-25.24,-26.3779,-30.5478,-34.5537,18.9559,32.6129,68.9249,0.0185149,0.99661,0.0793889,0.0110554,357.813,234.967,21.8176,27.6075,0.424982
339,7,106485,-26.7279,-26.238,-23.1443,-26.4522,-23.2104,-26.5081,-30.662,-32.8065,18.9566,32.6113,68.927,0.0185147,0.996593,0.0796381,0.010817,357.991,233.34,22.4374,28.5078,0.471167
340,8,106480,-26.7912,-26.6171,-23.1443,-26.4522,-23.2104,-26.5081,-30.662,-32.8065,18.9575,32.6089,68.9287,0.0186161,0.996444,0.0814759,0.0106742,357.991,233.34,22.4374,28.5078,0.471167
341,5,106517,-26.763,-26.0859,-23.927,-26.3965,-23.9859,-26.4585,-30.6405,-33.463,18.9586,32.6183,68.9039,0.0188296,0.996633,0.0789847,0.011371,357.959,233.918,21.7333,27.2997,0.46665
342,8,106510,-26.9253,-26.2822,-23.927,-26.3965,-23.9859,-26.4585,-30.6405,-33.463,18.9576,32.6091,68.9299,0.0185144,0.996576,0.0798872,0.0105786,357.959,233.918,21.7333,27.2997,0.46665
343,5,106561,-26.8488,-26.2348,-25.3261,-26.3007,-25.3752,-26.3722,-30.9365,-34.4703,18.9591,32.6156,68.9159,0.0188925,0.996562,0.0797834,0.0118927,358.302,234.963,20.4566,26.8972,0.349949
344,8,106551,-26.7313,-25.5578,-25.3261,-26.3007,-25.3752,-26.3722,-30.9365,-34.4703,18.9598,32.6285,68.8769,0.019043,0.996815,0.076493,0.0120677,358.302,234.963,20.4566,26.8972,0.349949
345,0,106580,-26.6984,-26.2101,-25.3261,-26.3007,-25.3752,-26.3722,-30.9365,-34.4703,18.963,32.6331,68.8783,0.0192704,0.996547,0.0796794,0.0132067,358.302,234.963,20.4566,26.8972,0.349949
346,8,106580,-26.8339,-26.2042,-25.4785,-26.2964,-25.531,-26.3665,-31.492,-34.3201,18.963,32.6331,68.8783,0.0192704,0.996547,0.0796794,0.0132067,358.913,234.924,20.6026,27.2647,0.373782
347,0,106611,-27.0171,-26.9404,-25.4785,-26.2964,-25.531,-26.3665,-31.492,-34.3201,18.9578,32.6389,68.8788,0.0191112,0.996286,0.0830448,0.0123182,358.913,234.924,20.6026,27.2647,0.373782
348,8,106611,-27.1215,-26.9359,-24.5812,-26.3546,-24.6377,-26.4199,-31.0288,-33.8099,18.9578,32.6389,68.8788,0.0191112,0.996286,0.0830448,0.0123182,358.359,234.349,22.6313,28.423,0.467223
349,4,106651,-27.1946,-26.6244,-25.189,-26.3216,-25.2477,-26.3876,-31.9009,-33.8781,18.9542,32.6394,68.8989,0.0187164,0.996439,0.0814272,0.0113624,359.324,234.592,21.5976,28.4784,0.457455
350,8,106651,-27.2816,-26.6208,-25.189,-26.3216,-25.2477,-26.3876,-31.9009,-33.8781,18.9542,32.6394,68.8989,0.0187164,0.996439,0.0814272,0.0113624,359.324,234.592,21.5976,28.4784,0.457455
351,8,106661,-27.1729,-26.7227,-25.189,-26.3216,-25.2477,-26.3876,-31.9009,-33.8781,18.9546,32.6381,68.8979,0.0188716,0.996384,0.0819765,0.0119378,359.324,234.592,21.5976,28.4784,0.457455
352,0,106681,-27.174,-26.6227,-25.189,-26.3216,-25.2477,-26.3876,-31.9009,-33.8781,18.9525,32.6397,68.8617,0.0189287,0.996428,0.0814673,0.0116352,359.324,234.592,21.5976,28.4784,0.457455
353,5,106695,-27.1298,-26.328,-24.6745,-26.3603,-24.7395,-26.4215,-32.0982,-33.3557,18.9515,32.6387,68.8434,0.0189198,0.99654,0.0800721,0.011793,359.538,234.117,21.5749,28.548,0.510553
354,5,106718,-27.3171,-26.006,-25.959,-26.2751,-26.0169,-26.3439,-32.6,-34.1661,18.9498,32.6275,68.8867,0.0188085,0.996671,0.0785951,0.0107605,360.06,234.984,21.1507,28.5083,0.490976
355,8,106711,-27.1465,-26.031,-25.959,-26.2751,-26.0169,-26.3439,-32.6,-34.1661,18.9506,32.6377,68.8274,0.0189109,0.996649,0.0786768,0.0119507,360.06,234.984,21.1507,28.5083,0.490976
356,5,106751,-27.4586,-25.3883,-26.4662,-26.2391,-26.5197,-26.3118,-32.6024,-34.5835,18.9469,32.6137,68.9147,0.0186881,0.996905,0.0757222,0.00988562,360.149,235.355,20.79,27.0385,0.356538
357,8,106751,-27.502,-25.3865,-26.4662,-26.2391,-26.5197,-26.3118,-32.6024,-34.5835,18.9469,32.6137,68.9147,0.0186881,0.996905,0.0757222,0.00988562,360.149,235.355,20.79,27.0385,0.356538
358,0,106781,-27.35,-25.8819,-26.4662,-26.2391,-26.5197,-26.3118,-32.6024,-34.5835,18.9446,32.5972,68.9601,0.0186272,0.996707,0.0782119,0.0105672,360.149,235.355,20.79,27.0385,0.356538
359,8,106781,-27.3804,-25.8807,-26.5765,-26.2377,-26.6338,-26.3087,-33.1527,-34.4011,18.9446,32.5972,68.9601,0.0186272,0.996707,0.0782119,0.0105672,360.721,235.253,20.9252,26.9758,0.440863
360,0,106801,-27.6502,-25.5553,-26.5765,-26.2377,-26.6338,-26.3087,-33.1527,-34.4011,18.9471,32.6008,68.9577,0.0186516,0.996846,0.0766064,0.00907622,360.721,235.253,20.9252,26.9758,0.440863
361,5,106830,-27.3299,-25.5717,-27.4638,-26.178,-27.5157,-26.2546,-33.4309,-34.995,18.9502,32.6136,68.9151,0.0188764,0.99682,0.0766749,0.0107282,361.028,235.869,20.8375,26.7487,0.384385
362,5,106830,-27.2063,-25.6042,-27.4638,-26.178,-27.5157,-26.2546,-33.4309,-34.995,18.9528,32.6214,68.8881,0.0187337,0.996812,0.0767309,0.0113172,361.028,235.869,20.8375,26.7487,0.384385
363,7,106851,-26.903,-25.6024,-25.6446,-26.3016,-25.7084,-26.3663,-32.9675,-33.7242,18.9545,32.6313,68.8563,0.019101,0.996791,0.0767432,0.0123802,360.531,234.624,21.2067,28.0412,0.445945
364,8,106851,-26.903,-25.6024,-25.6446,-26.3016,-25.7084,-26.3663,-32.9675,-33.7242,18.9545,32.6313,68.8563,0.019101,0.996791,0.0767432,0.0123802,360.531,234.624,21.2067,28.0412,0.445945
365,7,106885,-26.6734,-26.0943,-26.6136,-26.2362,-26.6714,-26.3071,-33.2501,-34.3833,18.9555,32.6361,68.88,0.0189566,0.996651,0.0786002,0.0122051,360.844,235.272,21.3261,27.3433,0.40886
366,8,106881,-26.8569,-26.8399,-26.6136,-26.2362,-26.6714,-26.3071,-33.2501,-34.3833,18.9556,32.6383,68.8749,0.0190654,0.996371,0.0821298,0.0116589,360.844,235.272,21.3261,27.3433,0.40886
367,5,106921,-26.1067,-26.8724,-26.5914,-26.2305,-26.644,-26.304,-32.6199,-34.6781,18.9598,32.6384,68.8841,0.0190839,0.996385,0.0818385,0.0124269,360.174,235.333,22.3449,26.0278,0.411661
368,8,106911,-26.332,-26.5932,-26.5914,-26.2305,-26.644,-26.304,-32.6199,-34.6781,18.9568,32.6424,68.9109,0.0188122,0.996508,0.0804569,0.0120299,360.174,235.333,22.3449,26.0278,0.411661
369,5,106962,-25.0619,-26.6377,-23.7691,-26.4147,-23.8347,-26.4728,-31.2495,-33.0302,18.9606,32.64,68.9071,0.0190673,0.996479,0.0804422,0.013985,358.555,233.679,22.3203,29.6035,0.554506
370,5,106962,-24.9437,-26.7367,-23.7691,-26.4147,-23.8347,-26.4728,-31.2495,-33.0302,18.9687,32.6352,68.8968,0.0192123,0.996423,0.0809873,0.0145675,358.555,233.679,22.3203,29.6035,0.554506
371,0,106981,-24.9061,-26.5919,-23.7691,-26.4147,-23.8347,-26.4728,-31.2495,-33.0302,18.9706,32.6333,68.8971,0.0193223,0.996446,0.0804273,0.0159401,358.555,233.679,22.3203,29.6035,0.554506
372,8,106981,-24.4921,-26.6105,-26.0239,-26.2641,-26.0764,-26.3359,-32.0448,-34.4955,18.9706,32.6333,68.8971,0.0193223,0.996446,0.0804273,0.0159401,359.517,235.137,21.7485,26.9649,0.407189
373,0,107011,-24.1474,-26.5952,-26.0239,-26.2641,-26.0764,-26.3359,-32.0448,-34.4955,18.9769,32.6267,68.8617,0.0193137,0.996461,0.0801554,0.0163657,359.517,235.137,21.7485,26.9649,0.407189
374,0,107031,-24.0694,-27.0495,-26.0239,-26.2641,-26.0764,-26.3359,-32.0448,-34.4955,18.9849,32.6172,68.8659,0.0195149,0.996281,0.0823792,0.0160089,359.517,235.137,21.7485,26.9649,0.407189
375,8,107031,-23.8205,-27.0608,-25.8666,-26.2681,-25.9152,-26.3415,-31.4264,-34.673,18.9849,32.6172,68.8659,0.0195149,0.996281,0.0823792,0.0160089,358.809,235.264,20.5914,27.6405,0.379912
376,7,107068,-23.004,-26.7062,-26.6393,-26.2103,-26.6787,-26.2908,-31.1602,-35.4426,18.9871,32.6152,68.8684,0.0195656,0.996423,0.0805801,0.0163068,358.452,235.941,20.3754,27.4559,0.407277
377,8,107061,-22.7402,-26.2319,-26.6393,-26.2103,-26.6787,-26.2908,-31.1602,-35.4426,18.9924,32.6071,68.8887,0.0197522,0.99657,0.0784643,0.0173665,358.452,235.941,20.3754,27.4559,0.407277
378,0,107082,-22.7961,-26.3195,-26.6393,-26.2103,-26.6787,-26.2908,-31.1602,-35.4426,18.993,32.6102,68.875,0.0196162,0.996561,0.0787807,0.0166045,358.452,235.941,20.3754,27.4559,0.407277
379,0,107101,-22.1696,-26.5709,-26.6393,-26.2103,-26.6787,-26.2908,-31.1602,-35.4426,18.9913,32.6073,68.9076,0.0195238,0.996468,0.0798779,0.0170322,358.452,235.941,20.3754,27.4559,0.407277
380,8,107101,-21.592,-26.5972,-24.8306,-26.3212,-24.8729,-26.3946,-29.665,-34.6931,18.9913,32.6073,68.9076,0.0195238,0.996468,0.0798779,0.0170322,356.86,234.986,21.4153,27.5803,0.333616
381,8,107111,-21.6246,-26.9487,-24.8306,-26.3212,-24.8729,-26.3946,-29.665,-34.6931,18.9943,32.608,68.9151,0.0194397,0.996338,0.0815177,0.0169452,356.86,234.986,21.4153,27.5803,0.333616
382,7,107135,-20.2802,-26.9653,-23.9389,-26.3727,-23.9803,-26.4438,-28.6515,-34.4609,18.9924,32.6107,68.9362,0.019392,0.996358,0.081291,0.0169382,355.643,234.621,21.633,28.4974,0.425006
383,0,107151,-19.8385,-26.9413,-23.9389,-26.3727,-23.9803,-26.4438,-28.6515,-34.4609,18.9895,32.6148,68.9678,0.0193443,0.996377,0.0810643,0.0169313,355.643,234.621,21.633,28.4974,0.425006
384,8,107151,-19.8385,-26.9413,-22.9221,-26.4378,-22.9672,-26.5038,-28.0399,-33.9257,18.9895,32.6148,68.9678,0.0193443,0.996377,0.0810643,0.0169313,355.016,233.965,22.1658,27.6183,0.389381
385,8,107161,-19.5861,-26.7076,-22.9221,-26.4378,-22.9672,-26.5038,-28.0399,-33.9257,18.9878,32.626,68.9261,0.0193501,0.996452,0.0798725,0.0181386,355.016,233.965,22.1658,27.6183,0.389381
386,0,107181,-19.3136,-26.4437,-22.9221,-26.4378,-22.9672,-26.5038,-28.0399,-33.9257,18.9869,32.639,68.8912,0.0192763,0.996582,0.0784011,0.0174786,355.016,233.965,22.1658,27.6183,0.389381
387,8,107181,-18.9543,-26.46,-23.506,-26.3752,-23.5298,-26.454,-26.2006,-35.3212,18.9869,32.639,68.8912,0.0192763,0.996582,0.0784011,0.0174786,352.744,235.033,21.1718,27.6721,0.498561
388,0,107201,-18.823,-26.0177,-23.506,-26.3752,-23.5298,-26.454,-26.2006,-35.3212,18.9875,32.6439,68.9078,0.0191997,0.996778,0.0761707,0.0161928,352.744,235.033,21.1718,27.6721,0.498561
389,5,107226,-18.0206,-26.0461,-22.8253,-26.4193,-22.852,-26.4945,-25.8478,-34.9348,18.9882,32.644,68.9075,0.0192361,0.996764,0.0761838,0.0169602,352.458,234.559,22.9628,27.0825,0.379144
390,8,107231,-18.0692,-26.037,-22.8253,-26.4193,-22.852,-26.4945,-25.8478,-34.9348,18.9916,32.6441,68.9061,0.0192725,0.996749,0.0761969,0.0177276,352.458,234.559,22.9628,27.0825,0.379144
391,0,107251,-17.3217,-25.9244,-22.8253,-26.4193,-22.852,-26.4945,-25.8478,-34.9348,18.9922,32.6386,68.9078,0.019503,0.996788,0.0755944,0.0178465,352.458,234.559,22.9628,27.0825,0.379144
392,0,107261,-17.0423,-26.5148,-22.8253,-26.4193,-22.852,-26.4945,-25.8478,-34.9348,18.9897,32.6329,68.9084,0.0192976,0.996569,0.0783582,0.0184015,352.458,234.559,22.9628,27.0825,0.379144
393,8,107261,-16.7657,-26.5274,-22.2164,-26.437,-22.229,-26.5175,-23.6382,-35.53,18.9897,32.6329,68.9084,0.0192976,0.996569,0.0783582,0.0184015,349.833,234.908,21.7022,27.371,0.346302
394,0,107281,-16.939,-27.1446,-22.2164,-26.437,-22.229,-26.5175,-23.6382,-35.53,19.0008,32.6105,68.953,0.0195163,0.996333,0.0814791,0.017357,349.833,234.908,21.7022,27.371,0.346302
395,0,107301,-16.6795,-27.23,-22.2164,-26.437,-22.229,-26.5175,-23.6382,-35.53,19.0009,32.6104,68.9264,0.0193714,0.996333,0.0817277,0.0162856,349.833,234.908,21.7022,27.371,0.346302
396,8,107301,-16.6795,-27.23,-20.0526,-26.5718,-20.0702,-26.6428,-22.0263,-34.5455,19.0009,32.6104,68.9264,0.0193714,0.996333,0.0817277,0.0162856,347.922,233.75,22.3648,27.9979,0.397836
397,8,107311,-16.924,-27.5405,-20.0526,-26.5718,-20.0702,-26.6428,-22.0263,-34.5455,19.0008,32.6068,68.926,0.0192775,0.996232,0.083189,0.0151695,347.922,233.75,22.3648,27.9979,0.397836
398,5,107345,-16.0414,-27.2754,-19.2535,-26.6161,-19.2687,-26.6856,-20.9503,-34.4207,19.0028,32.6059,68.9141,0.0191796,0.996342,0.0817705,0.0157569,346.578,233.541,22.1624,28.9632,0.448747
399,5,107345,-16.061,-27.1029,-19.2535,-26.6161,-19.2687,-26.6856,-20.9503,-34.4207,19.0054,32.6038,68.8897,0.0190453,0.996416,0.0809309,0.0155958,346.578,233.541,22.1624,28.9632,0.448747
400,7,107368,-15.2559,-26.7741,-19.4783,-26.5897,-19.4833,-26.6651,-20.0427,-35.0569,19.0073,32.6053,68.8906,0.0193072,0.996527,0.0792933,0.016521,345.629,234.042,22.0817,27.5344,0.228177
401,8,107361,-15.2958,-27.0049,-19.4783,-26.5897,-19.4833,-26.6651,-20.0427,-35.0569,19.0071,32.6039,68.8888,0.0190816,0.99645,0.0803518,0.0163443,345.629,234.042,22.0817,27.5344,0.228177
402,0,107391,-14.6495,-26.3085,-19.4783,-26.5897,-19.4833,-26.6651,-20.0427,-35.0569,19.0133,32.608,68.8904,0.0196054,0.996666,0.077076,0.0181947,345.629,234.042,22.0817,27.5344,0.228177
403,8,107391,-14.094,-26.3341,-18.7619,-26.6341,-18.7683,-26.7064,-19.4885,-34.7412,19.0133,32.608,68.8904,0.0196054,0.996666,0.077076,0.0181947,344.936,233.655,22.626,27.6809,0.287756
404,8,107411,-14.4066,-26.1965,-18.7619,-26.6341,-18.7683,-26.7064,-19.4885,-34.7412,19.0167,32.6112,68.8926,0.0196558,0.996745,0.0764046,0.0166179,344.936,233.655,22.626,27.6809,0.287756
405,0,107431,-13.977,-26.8197,-18.7619,-26.6341,-18.7683,-26.7064,-19.4885,-34.7412,19.0166,32.6244,68.8759,0.0194487,0.996546,0.0790984,0.0161788,344.936,233.655,22.626,27.6809,0.287756
406,8,107431,-13.5046,-26.841,-12.6644,-26.9646,-12.6464,-27.0289,-10.6663,-34.0928,19.0166,32.6244,68.8759,0.0194487,0.996546,0.0790984,0.0161788,334.084,231.982,22.8522,23.9227,0.642123
407,0,107451,-13.3655,-26.5366,-12.6644,-26.9646,-12.6464,-27.0289,-10.6663,-34.0928,19.0289,32.6313,68.9011,0.0194699,0.996725,0.0774459,0.0127608,334.084,231.982,22.8522,23.9227,0.642123
408,5,107479,-12.3316,-26.8181,-5.46434,-27.3306,-5.39827,-27.3941,1.85571,-34.3726,19.0331,32.6388,68.8813,0.0195983,0.996631,0.0785326,0.0132451,318.593,232.57,22.457,28.5705,-0.212226
409,5,107479,-12.4586,-26.8357,-5.46434,-27.3306,-5.39827,-27.3941,1.85571,-34.3726,19.0372,32.6457,68.8603,0.019612,0.996637,0.0785533,0.0126159,318.593,232.57,22.457,28.5705,-0.212226
410,0,107492,-11.4227,-27.1113,-5.46434,-27.3306,-5.39827,-27.3941,1.85571,-34.3726,19.042,32.6548,68.8387,0.0197266,0.996536,0.0796192,0.0137295,318.593,232.57,22.457,28.5705,-0.212226
411,8,107492,-11.1514,-27.1235,-4.97052,-27.3705,-4.91263,-27.4282,1.43148,-33.7544,19.042,32.6548,68.8387,0.0197266,0.996536,0.0796192,0.0137295,319.103,232.137,22.7107,32.1915,-0.141902
412,8,107511,-11.4816,-27.0684,-4.97052,-27.3705,-4.91263,-27.4282,1.43148,-33.7544,19.0445,32.6477,68.8655,0.0194808,0.996581,0.0793933,0.0120092,319.103,232.137,22.7107,32.1915,-0.141902
413,4,107531,-11.1062,-27.3949,-5.33277,-27.3589,-5.28262,-27.414,0.205914,-33.4445,19.0448,32.6403,68.8652,0.0189803,0.9965,0.0807667,0.0101619,320.61,231.573,22.3942,28.014,-0.146368
414,6,107551,-9.97047,-26.5058,-5.27837,-27.3607,-5.2271,-27.4162,0.38505,-33.4886,19.0493,32.6321,68.8437,0.0193033,0.996809,0.0765105,0.0120844,320.39,231.655,22.4404,28.6238,-0.145716
415,7,107668,-6.45521,-27.8303,-5.41622,-27.3561,-5.36774,-27.4106,-0.0629416,-33.3798,19.0532,32.5924,68.9281,0.019125,0.996382,0.0822595,0.00948909,320.94,231.449,22.3249,27.0992,-0.147346
416,7,107668,-6.23565,-27.8706,-5.41622,-27.3561,-5.36774,-27.4106,-0.0629416,-33.3798,19.0553,32.5938,68.9282,0.019265,0.996353,0.0824415,0.0105935,320.94,231.449,22.3249,27.0992,-0.147346
417,0,107681,-6.16155,-27.8372,-5.41622,-27.3561,-5.36774,-27.4106,-0.0629416,-33.3798,19.0592,32.5989,68.9408,0.0192966,0.996372,0.082238,0.0104177,320.94,231.449,22.3249,27.0992,-0.147346
418,0,107701,-5.44961,-27.7411,-5.41622,-27.3561,-5.36774,-27.4106,-0.0629416,-33.3798,19.0596,32.6082,68.9401,0.0186889,0.99644,0.0815393,0.0105042,320.94,231.449,22.3249,27.0992,-0.147346
419,8,107701,-5.44961,-27.7411,-9.17545,-27.1468,-9.13788,-27.2089,-5.02169,-34.0181,19.0596,32.6082,68.9401,0.0186889,0.99644,0.0815393,0.0105042,327.124,231.96,23.2396,26.1187,0.00863315
420,4,107731,-4.7551,-26.3281,-9.21056,-27.1421,-9.17093,-27.2054,-4.82644,-34.1441,19.0638,32.6186,68.9264,0.0188844,0.996958,0.0747141,0.0116723,326.879,232.122,22.6324,26.1883,0.00692858
421,5,107744,-4.28261,-26.4124,-9.31523,-27.1296,-9.27075,-27.1957,-4.39037,-34.4471,19.0645,32.6201,68.9228,0.019022,0.996922,0.0750366,0.0124443,326.33,232.483,21.2781,26.3436,0.00312607
422,7,107768,-3.80657,-26.5623,-8.63229,-27.1669,-8.58526,-27.2319,-3.42744,-34.3619,19.0645,32.6205,68.9239,0.0190058,0.996874,0.075648,0.0125532,325.128,232.427,21.0614,26.854,-0.0198913
423,7,107768,-3.65609,-26.6372,-8.63229,-27.1669,-8.58526,-27.2319,-3.42744,-34.3619,19.0661,32.6242,68.9165,0.0191434,0.996837,0.0759704,0.0133252,325.128,232.427,21.0614,26.854,-0.0198913
424,0,107781,-3.54139,-26.7739,-8.63229,-27.1669,-8.58526,-27.2319,-3.42744,-34.3619,19.0664,32.6259,68.9169,0.0191273,0.996789,0.0765817,0.013434,325.128,232.427,21.0614,26.854,-0.0198913
425,8,107781,-3.23393,-26.7873,-7.40692,-27.2411,-7.36099,-27.3013,-2.32936,-33.8964,19.0664,32.6259,68.9169,0.0191273,0.996789,0.0765817,0.013434,323.779,231.961,21.0599,26.8494,-0.0878345
426,0,107801,-2.86012,-27.2375,-7.40692,-27.2411,-7.36099,-27.3013,-2.32936,-33.8964,19.0678,32.6268,68.9175,0.0192587,0.99662,0.0786395,0.0138973,323.779,231.961,21.0599,26.8494,-0.0878345
427,5,107820,-2.45415,-27.0098,-7.32214,-27.2317,-7.26494,-27.2972,-0.987757,-34.4929,19.0645,32.6207,68.922,0.018974,0.996735,0.0774807,0.0125246,322.058,232.552,20.7581,26.2939,-0.0410333
428,8,107811,-2.66854,-27.1447,-7.32214,-27.2317,-7.26494,-27.2972,-0.987757,-34.4929,19.0664,32.6261,68.9228,0.0192452,0.996665,0.078157,0.0133918,322.058,232.552,20.7581,26.2939,-0.0410333
429,5,107862,-2.20843,-27.606,-6.20881,-27.2941,-6.14875,-27.3573,0.440706,-34.2839,19.0674,32.6214,68.9062,0.0192434,0.996501,0.0802503,0.0132614,320.251,232.366,20.7067,26.167,-0.0390817
430,5,107862,-2.41948,-27.3988,-6.20881,-27.2941,-6.14875,-27.3573,0.440706,-34.2839,19.0673,32.6119,68.8847,0.0189655,0.996594,0.0793328,0.0121414,320.251,232.366,20.7067,26.167,-0.0390817
431,0,107881,-2.01069,-28.0487,-6.20881,-27.2941,-6.14875,-27.3573,0.440706,-34.2839,19.0701,32.609,68.8615,0.0192415,0.996332,0.0823433,0.0131308,320.251,232.366,20.7067,26.167,-0.0390817
432,5,108044,0.557402,-27.3059,-0.984145,-27.5772,-0.903179,-27.6326,8.00977,-33.7331,19.0722,32.6112,68.9204,0.0190173,0.996642,0.0785767,0.0129564,310.807,232.139,22.2676,26.1657,-0.146876
433,8,108042,0.385895,-27.115,-0.984145,-27.5772,-0.903179,-27.6326,8.00977,-33.7331,19.0704,32.6112,68.9567,0.0186815,0.996736,0.0774944,0.0127671,310.807,232.139,22.2676,26.1657,-0.146876
434,0,108062,0.958381,-26.6776,-0.984145,-27.5772,-0.903179,-27.6326,8.00977,-33.7331,19.07,32.6141,68.9548,0.0188269,0.996851,0.075844,0.0134557,310.807,232.139,22.2676,26.1657,-0.146876
435,8,108062,1.14786,-26.6857,0.561904,-27.6677,0.643817,-27.7182,9.66515,-33.2799,19.07,32.6141,68.9548,0.0188269,0.996851,0.075844,0.0134557,308.73,231.879,21.4369,26.5235,-0.111782
436,0,108092,1.62756,-26.5706,0.561904,-27.6677,0.643817,-27.7182,9.66515,-33.2799,19.0698,32.6169,68.9563,0.0189603,0.996867,0.0754761,0.0141263,308.73,231.879,21.4369,26.5235,-0.111782
437,5,108400,2.99543,-27.0952,4.42781,-27.8845,4.51921,-27.9263,14.6316,-32.5573,19.0658,32.6111,68.9021,0.0186628,0.99664,0.0786315,0.0133018,302.676,231.727,20.2471,26.9828,-0.173231
438,0,108432,2.86037,-27.3407,4.42781,-27.8845,4.51921,-27.9263,14.6316,-32.5573,19.063,32.604,68.889,0.0182975,0.996573,0.0798297,0.0116425,302.676,231.727,20.2471,26.9828,-0.173231
439,7,108502,3.42436,-26.9257,4.56209,-27.8908,4.65469,-27.9328,14.9053,-32.5825,19.0656,32.5857,68.887,0.0186948,0.996694,0.0779219,0.0134318,302.391,231.755,20.092,26.5297,-0.2521
440,8,108492,3.55699,-27.0581,4.56209,-27.8908,4.65469,-27.9328,14.9053,-32.5825,19.0644,32.5804,68.8857,0.0188887,0.99663,0.0785659,0.0141373,302.391,231.755,20.092,26.5297,-0.2521
441,0,108532,3.39466,-26.8156,4.56209,-27.8908,4.65469,-27.9328,14.9053,-32.5825,19.0648,32.5848,68.8869,0.0186316,0.996737,0.0774131,0.0132765,302.391,231.755,20.092,26.5297,-0.2521
442,0,108562,3.23624,-26.7083,5.29126,-27.9421,4.65469,-27.9328,14.9408,-31.9985,19.0643,32.594,68.9028,0.0186143,0.996789,0.0768692,0.0124965,302.255,231.163,20.1944,25.7638,-0.147844
443,0,108562,3.23624,-26.7083,5.0652,-27.926,4.65469,-27.9328,14.9442,-32.1867,19.0643,32.594,68.9028,0.0186143,0.996789,0.0768692,0.0124965,302.361,231.298,21.3769,25.9815,-0.347622
444,0,108592,3.17639,-27.0831,5.0652,-27.926,4.65469,-27.9328,14.9442,-32.1867,19.062,32.6078,68.9163,0.018233,0.996669,0.0785555,0.0121543,302.361,231.298,21.3769,25.9815,-0.347622
445,0,108612,2.91373,-27.206,5.0652,-27.926,4.65469,-27.9328,14.9442,-32.1867,19.0621,32.6138,68.9218,0.0182186,0.996639,0.0791222,0.0108543,302.361,231.298,21.3769,25.9815,-0.347622
446,0,108632,3.01643,-27.0759,5.0652,-27.926,4.65469,-27.9328,14.9442,-32.1867,19.0622,32.6145,68.9238,0.0182546,0.996683,0.0784955,0.0113678,302.361,231.298,21.3769,25.9815,-0.347622
447,0,108632,3.01643,-27.0759,5.34783,-27.945,4.65469,-27.9328,15.0369,-31.9996,19.0622,32.6145,68.9238,0.0182546,0.996683,0.0784955,0.0113678,302.185,231.189,20.3492,26.2456,-0.221834
448,0,108652,2.98335,-27.1384,5.34783,-27.945,4.65469,-27.9328,15.0369,-31.9996,19.062,32.615,68.9232,0.0182999,0.99666,0.0787883,0.0112154,302.185,231.189,20.3492,26.2456,-0.221834
449,0,108662,3.07337,-26.9536,5.34783,-27.945,4.65469,-27.9328,15.0369,-31.9996,19.063,32.6133,68.9276,0.018289,0.996724,0.0779234,0.0116502,302.185,231.189,20.3492,26.2456,-0.221834
450,0,108662,3.07337,-26.9536,5.02885,-27.9231,4.65469,-27.9328,14.9716,-32.2303,19.063,32.6133,68.9276,0.018289,0.996724,0.0779234,0.0116502,302.236,231.401,20.7032,26.1739,-0.159778
451,0,108683,3.01329,-27.4221,5.02885,-27.9231,4.65469,-27.9328,14.9716,-32.2303,19.0579,32.6066,68.9268,0.0180158,0.996553,0.0801853,0.011341,302.236,231.401,20.7032,26.1739,-0.159778
452,0,108692,2.92303,-26.8704,5.02885,-27.9231,4.65469,-27.9328,14.9716,-32.2303,19.0549,32.5993,68.9312,0.0179193,0.99676,0.0776535,0.0108879,302.236,231.401,20.7032,26.1739,-0.159778
453,0,108692,2.92303,-26.8704,5.35899,-27.9464,4.65469,-27.9328,14.9856,-31.9648,19.0549,32.5993,68.9312,0.0179193,0.99676,0.0776535,0.0108879,302.257,231.138,20.5389,26.177,-0.245982
454,0,108712,2.85137,-27.1829,5.35899,-27.9464,4.65469,-27.9328,14.9856,-31.9648,19.0525,32.5859,68.9295,0.0183717,0.996631,0.0792247,0.0106428,302.257,231.138,20.5389,26.177,-0.245982
455,0,108732,3.43479,-26.5884,5.35899,-27.9464,4.65469,-27.9328,14.9856,-31.9648,19.0462,32.5955,68.8287,0.018865,0.996819,0.0762251,0.0136383,302.257,231.138,20.5389,26.177,-0.245982
456,0,108762,3.42538,-26.9088,6.12841,-27.9923,4.65469,-27.9328,15.7335,-31.7015,19.042,32.5968,68.8309,0.0188883,0.996702,0.0777302,0.0136338,301.263,231.02,20.7698,26.8534,-0.0985422
457,0,108782,3.59762,-27.0454,6.12841,-27.9923,4.65469,-27.9328,15.7335,-31.7015,19.0382,32.5929,68.8807,0.0187222,0.99664,0.0784139,0.0144979,301.263,231.02,20.7698,26.8534,-0.0985422
458,0,108782,3.59762,-27.0454,5.14298,-27.9356,4.65469,-27.9328,14.5914,-31.9472,19.0382,32.5929,68.8807,0.0187222,0.99664,0.0784139,0.0144979,302.704,231.038,20.5409,25.4405,-0.210583
459,0,108812,4.02453,-26.6293,5.14298,-27.9356,4.65469,-27.9328,14.5914,-31.9472,19.036,32.601,68.8835,0.0190176,0.996761,0.0763426,0.0166828,302.704,231.038,20.5409,25.4405,-0.210583
460,0,108812,4.02453,-26.6293,5.24318,-27.9417,4.65469,-27.9328,14.6821,-31.9096,19.036,32.601,68.8835,0.0190176,0.996761,0.0763426,0.0166828,302.586,231.046,20.6039,26.0395,-0.186567
461,0,108832,3.31056,-26.7478,5.24318,-27.9417,4.65469,-27.9328,14.6821,-31.9096,19.0367,32.6035,68.8848,0.0184956,0.996776,0.0769728,0.0130408,302.586,231.046,20.6039,26.0395,-0.186567
